100 #CNA trees
3 # nodes
0 (1,1) 1 1
1 (1,2) 1 2
2 (2,2) 2 2
1 2
0 1
3 # nodes
0 (1,1) 1 1
1 (2,0) 2 0
2 (1,0) 1 0
0 1
1 2
3 # nodes
0 (1,1) 1 1
1 (2,2) 2 2
2 (1,2) 1 2
1 2
0 1
2 # nodes
0 (1,1) 1 1
1 (2,1) 2 1
0 1
3 # nodes
0 (1,1) 1 1
1 (2,2) 2 2
2 (2,1) 2 1
0 1
1 2
2 # nodes
0 (1,1) 1 1
1 (1,0) 1 0
0 1
3 # nodes
0 (1,1) 1 1
1 (2,1) 2 1
2 (1,2) 1 2
0 1
1 2
2 # nodes
0 (1,1) 1 1
1 (0,1) 0 1
0 1
3 # nodes
0 (1,1) 1 1
1 (2,1) 2 1
2 (2,0) 2 0
1 2
0 1
3 # nodes
0 (1,1) 1 1
1 (2,2) 2 2
2 (1,2) 1 2
1 2
0 1
3 # nodes
0 (1,1) 1 1
1 (2,1) 2 1
2 (2,0) 2 0
1 2
0 1
3 # nodes
0 (1,1) 1 1
1 (0,1) 0 1
2 (1,0) 1 0
0 2
0 1
3 # nodes
0 (1,1) 1 1
1 (0,1) 0 1
2 (1,2) 1 2
0 2
0 1
2 # nodes
0 (1,1) 1 1
1 (0,1) 0 1
0 1
3 # nodes
0 (1,1) 1 1
1 (2,2) 2 2
2 (2,1) 2 1
1 2
0 1
2 # nodes
0 (1,1) 1 1
1 (2,1) 2 1
0 1
3 # nodes
0 (1,1) 1 1
1 (2,2) 2 2
2 (0,2) 0 2
0 1
1 2
2 # nodes
0 (1,1) 1 1
1 (2,1) 2 1
0 1
3 # nodes
0 (1,1) 1 1
1 (0,2) 0 2
2 (0,1) 0 1
2 1
0 2
3 # nodes
0 (1,1) 1 1
1 (2,1) 2 1
2 (2,2) 2 2
0 1
0 2
2 # nodes
0 (1,1) 1 1
1 (0,1) 0 1
0 1
3 # nodes
0 (1,1) 1 1
1 (2,1) 2 1
2 (1,0) 1 0
0 1
1 2
3 # nodes
0 (1,1) 1 1
1 (0,2) 0 2
2 (2,0) 2 0
0 1
0 2
3 # nodes
0 (1,1) 1 1
1 (2,2) 2 2
2 (1,2) 1 2
0 1
1 2
3 # nodes
0 (1,1) 1 1
1 (0,1) 0 1
2 (2,1) 2 1
0 1
0 2
3 # nodes
0 (1,1) 1 1
1 (2,2) 2 2
2 (2,1) 2 1
0 1
1 2
3 # nodes
0 (1,1) 1 1
1 (0,2) 0 2
2 (2,0) 2 0
0 1
0 2
3 # nodes
0 (1,1) 1 1
1 (2,1) 2 1
2 (2,0) 2 0
0 1
1 2
3 # nodes
0 (1,1) 1 1
1 (0,1) 0 1
2 (2,1) 2 1
0 1
0 2
3 # nodes
0 (1,1) 1 1
1 (0,2) 0 2
2 (2,1) 2 1
0 1
0 2
3 # nodes
0 (1,1) 1 1
1 (2,2) 2 2
2 (0,1) 0 1
0 1
1 2
3 # nodes
0 (1,1) 1 1
1 (2,0) 2 0
2 (2,1) 2 1
0 1
0 2
3 # nodes
0 (1,1) 1 1
1 (1,0) 1 0
2 (2,1) 2 1
0 2
0 1
3 # nodes
0 (1,1) 1 1
1 (0,2) 0 2
2 (2,2) 2 2
0 2
0 1
3 # nodes
0 (1,1) 1 1
1 (2,0) 2 0
2 (2,2) 2 2
0 2
0 1
3 # nodes
0 (1,1) 1 1
1 (1,0) 1 0
2 (2,1) 2 1
0 2
0 1
3 # nodes
0 (1,1) 1 1
1 (0,1) 0 1
2 (2,1) 2 1
0 2
0 1
2 # nodes
0 (1,1) 1 1
1 (0,2) 0 2
0 1
3 # nodes
0 (1,1) 1 1
1 (0,1) 0 1
2 (2,2) 2 2
0 2
0 1
3 # nodes
0 (1,1) 1 1
1 (1,2) 1 2
2 (2,0) 2 0
0 2
0 1
3 # nodes
0 (1,1) 1 1
1 (0,1) 0 1
2 (2,2) 2 2
0 2
0 1
3 # nodes
0 (1,1) 1 1
1 (2,1) 2 1
2 (1,2) 1 2
1 2
0 1
3 # nodes
0 (1,1) 1 1
1 (2,0) 2 0
2 (1,0) 1 0
1 2
0 1
3 # nodes
0 (1,1) 1 1
1 (0,2) 0 2
2 (2,2) 2 2
0 2
0 1
3 # nodes
0 (1,1) 1 1
1 (2,2) 2 2
2 (0,2) 0 2
1 2
0 1
2 # nodes
0 (1,1) 1 1
1 (0,1) 0 1
0 1
3 # nodes
0 (1,1) 1 1
1 (1,2) 1 2
2 (2,2) 2 2
1 2
0 1
3 # nodes
0 (1,1) 1 1
1 (1,2) 1 2
2 (0,1) 0 1
1 2
0 1
3 # nodes
0 (1,1) 1 1
1 (1,2) 1 2
2 (2,1) 2 1
1 2
0 1
3 # nodes
0 (1,1) 1 1
1 (0,2) 0 2
2 (2,2) 2 2
0 2
0 1
3 # nodes
0 (1,1) 1 1
1 (2,1) 2 1
2 (1,0) 1 0
1 2
0 1
3 # nodes
0 (1,1) 1 1
1 (2,0) 2 0
2 (1,0) 1 0
0 2
2 1
3 # nodes
0 (1,1) 1 1
1 (2,1) 2 1
2 (1,2) 1 2
1 2
0 1
3 # nodes
0 (1,1) 1 1
1 (0,1) 0 1
2 (2,1) 2 1
0 2
0 1
3 # nodes
0 (1,1) 1 1
1 (2,1) 2 1
2 (1,0) 1 0
1 2
0 1
3 # nodes
0 (1,1) 1 1
1 (1,0) 1 0
2 (2,2) 2 2
0 2
0 1
3 # nodes
0 (1,1) 1 1
1 (2,1) 2 1
2 (0,2) 0 2
1 2
0 1
3 # nodes
0 (1,1) 1 1
1 (1,0) 1 0
2 (1,2) 1 2
0 2
0 1
3 # nodes
0 (1,1) 1 1
1 (2,2) 2 2
2 (2,0) 2 0
1 2
0 1
3 # nodes
0 (1,1) 1 1
1 (0,2) 0 2
2 (2,1) 2 1
0 2
0 1
3 # nodes
0 (1,1) 1 1
1 (0,1) 0 1
2 (1,2) 1 2
0 2
0 1
3 # nodes
0 (1,1) 1 1
1 (1,2) 1 2
2 (2,1) 2 1
1 2
0 1
3 # nodes
0 (1,1) 1 1
1 (0,2) 0 2
2 (2,0) 2 0
0 2
0 1
2 # nodes
0 (1,1) 1 1
1 (2,0) 2 0
0 1
3 # nodes
0 (1,1) 1 1
1 (0,2) 0 2
2 (1,2) 1 2
0 1
0 2
3 # nodes
0 (1,1) 1 1
1 (1,2) 1 2
2 (2,2) 2 2
0 1
0 2
3 # nodes
0 (1,1) 1 1
1 (1,0) 1 0
2 (2,0) 2 0
0 1
0 2
3 # nodes
0 (1,1) 1 1
1 (2,1) 2 1
2 (1,2) 1 2
0 1
1 2
3 # nodes
0 (1,1) 1 1
1 (1,0) 1 0
2 (2,2) 2 2
0 1
0 2
3 # nodes
0 (1,1) 1 1
1 (2,2) 2 2
2 (1,2) 1 2
0 1
1 2
3 # nodes
0 (1,1) 1 1
1 (1,0) 1 0
2 (2,2) 2 2
0 1
0 2
3 # nodes
0 (1,1) 1 1
1 (0,2) 0 2
2 (1,0) 1 0
0 1
0 2
3 # nodes
0 (1,1) 1 1
1 (2,2) 2 2
2 (2,1) 2 1
0 1
1 2
3 # nodes
0 (1,1) 1 1
1 (2,2) 2 2
2 (0,1) 0 1
0 1
1 2
3 # nodes
0 (1,1) 1 1
1 (2,2) 2 2
2 (0,2) 0 2
0 1
1 2
3 # nodes
0 (1,1) 1 1
1 (0,2) 0 2
2 (2,0) 2 0
0 1
0 2
3 # nodes
0 (1,1) 1 1
1 (1,0) 1 0
2 (2,2) 2 2
0 1
0 2
2 # nodes
0 (1,1) 1 1
1 (2,2) 2 2
0 1
3 # nodes
0 (1,1) 1 1
1 (1,2) 1 2
2 (2,2) 2 2
0 1
1 2
3 # nodes
0 (1,1) 1 1
1 (1,2) 1 2
2 (2,2) 2 2
0 1
0 2
3 # nodes
0 (1,1) 1 1
1 (2,1) 2 1
2 (2,2) 2 2
0 1
1 2
3 # nodes
0 (1,1) 1 1
1 (2,0) 2 0
2 (2,2) 2 2
0 1
0 2
2 # nodes
0 (1,1) 1 1
1 (2,0) 2 0
0 1
3 # nodes
0 (1,1) 1 1
1 (2,1) 2 1
2 (2,2) 2 2
0 1
0 2
3 # nodes
0 (1,1) 1 1
1 (2,1) 2 1
2 (0,2) 0 2
0 1
1 2
3 # nodes
0 (1,1) 1 1
1 (2,0) 2 0
2 (2,2) 2 2
0 1
0 2
3 # nodes
0 (1,1) 1 1
1 (1,2) 1 2
2 (2,0) 2 0
0 1
1 2
3 # nodes
0 (1,1) 1 1
1 (2,1) 2 1
2 (2,0) 2 0
0 1
1 2
3 # nodes
0 (1,1) 1 1
1 (2,2) 2 2
2 (0,2) 0 2
0 1
1 2
3 # nodes
0 (1,1) 1 1
1 (2,2) 2 2
2 (1,0) 1 0
0 1
1 2
3 # nodes
0 (1,1) 1 1
1 (1,2) 1 2
2 (2,0) 2 0
0 1
0 2
3 # nodes
0 (1,1) 1 1
1 (2,0) 2 0
2 (2,2) 2 2
0 1
0 2
3 # nodes
0 (1,1) 1 1
1 (1,0) 1 0
2 (2,0) 2 0
0 1
0 2
3 # nodes
0 (1,1) 1 1
1 (2,2) 2 2
2 (2,0) 2 0
0 1
1 2
3 # nodes
0 (1,1) 1 1
1 (0,1) 0 1
2 (2,0) 2 0
0 1
0 2
3 # nodes
0 (1,1) 1 1
1 (2,1) 2 1
2 (0,2) 0 2
0 1
1 2
3 # nodes
0 (1,1) 1 1
1 (2,2) 2 2
2 (1,0) 1 0
0 1
1 2
3 # nodes
0 (1,1) 1 1
1 (2,1) 2 1
2 (0,2) 0 2
0 1
1 2
2 # nodes
0 (1,1) 1 1
1 (2,1) 2 1
0 1
3 # nodes
0 (1,1) 1 1
1 (1,2) 1 2
2 (2,0) 2 0
0 1
0 2
7 # nodes
100 #mutations
2 #samples
0 0 0 0 0 0 0 0 1 0 1 0 0 0 0 0 0 0 0 0 0 0 0 0 0 0 0 0 0 0 0 0 0 1 0 0 0 0 0 0 0 1 0 0 0 0 0 0 0 0 0 1 1 0 0 0 0 0 0 0 0 0 1 0 0 0 1 0 0 0 0 0 0 0 0 0 0 0 0 0 0 1 0 0 0 1 0 0 0 0 0 1 0 0 0 0 0 2 0 0 0 0 0 0 0 1 0 0 0 1 0 0 0 0 1 0 0 0 1 1 0 1 0 1 1 1 1 0 0 0 0 0 0 0 1 0 0 0 0 0 0 0 0 0 0 0 0 1 0 0 0 0 0 0 0 0 0 1 0 0 0 0 0 0 0 0 0 0 0 1 0 0 0 0 1 0 0 0 0 0 0 0 0 0 0 0 0 0 0 0 0 0 0 0 0 0 0 0 0 0 0 0 0 0 1 0 0 0 0 0 0 0 0 0 0 0 0 0 0 0 0 0 2 0 0 1 0 2 2 2 0 0 0 0 0 0 0 2 0 1 2 0 0 0 2 0 1 1 1 1 0 0 0 0 0 0 1 2 2 1 1 0 1 2 0 1 0 0 0 2 0 1 0 0 0 1 0 0 0 0 2 0 1 0 1 1 1 1 0 0 1 2 0 0 2 1 0 0 1 0 0 0 0 1 0 0
1 0 0 0 0 0 1 0 1 0 1 0 0 0 0 0 0 0 0 0 0 0 1 0 0 0 0 0 0 0 0 0 0 1 0 1 1 0 0 0 0 1 0 0 0 0 0 0 0 0 0 1 1 0 0 0 0 0 0 0 0 1 1 0 0 1 1 1 1 0 0 0 0 0 0 0 0 0 0 0 0 1 0 0 0 1 0 1 0 0 1 1 1 0 0 1 1 1 0 0 0 0 0 0 0 1 0 0 0 1 0 0 0 0 1 0 0 0 1 1 0 1 0 1 1 1 1 0 1 0 1 0 0 0 1 0 0 0 0 0 0 0 0 0 0 0 1 1 0 0 0 0 0 0 0 0 0 1 1 0 0 0 0 0 0 0 0 0 0 1 0 1 0 0 1 1 0 1 1 0 0 0 0 0 0 0 0 0 0 0 0 0 0 0 0 0 0 0 0 0 0 1 0 0 1 0 0 0 0 0 0 0 0 0 0 0 0 0 0 0 0 0 2 0 0 0 0 0 0 0 0 0 0 0 0 0 0 0 2 0 0 1 2 0 2 0 1 1 1 1 0 0 0 0 0 0 1 2 2 1 1 0 1 2 0 1 0 0 0 2 0 1 0 0 0 1 0 0 0 0 2 0 1 0 1 1 1 1 0 0 1 2 0 0 2 1 0 0 1 0 0 0 0 1 0.105176 0
2 0 1 0 0 0 0 0 1 0 1 0 0 0 0 0 0 0 0 0 0 0 0 0 0 0 0 0 0 0 0 0 0 1 0 0 0 0 0 0 0 1 0 0 0 0 0 0 0 0 0 1 1 0 0 0 0 0 0 0 0 0 1 0 0 0 1 0 0 0 0 0 0 0 0 0 0 0 0 0 0 1 0 0 0 1 0 0 0 0 0 1 0 0 0 0 0 1 0 0 0 0 0 0 0 1 0 0 0 1 0 0 0 0 1 0 0 0 1 1 0 1 0 1 1 1 1 0 0 0 0 0 0 0 1 0 0 0 0 0 0 0 0 0 0 0 0 1 0 0 0 0 0 0 0 0 0 1 0 0 0 0 0 0 0 0 0 0 0 1 0 0 0 0 1 0 0 0 0 0 0 0 0 0 0 0 0 0 0 0 0 0 0 0 0 0 0 0 0 0 0 0 0 0 1 0 0 0 0 0 0 0 0 0 0 0 0 0 0 0 0 0 2 0 0 0 0 0 0 0 0 0 0 0 0 0 0 0 0 0 0 0 0 0 2 0 1 1 1 1 0 0 0 0 0 0 1 2 2 1 1 0 1 2 0 1 0 0 0 2 0 1 0 0 0 1 0 0 0 0 2 0 1 0 1 1 1 1 0 0 1 2 0 0 2 1 0 0 1 0 0 0 0 1 0 0.331536
3 0 0 0 0 0 1 0 1 0 1 0 0 0 0 0 0 0 0 0 0 0 1 0 0 0 0 0 0 0 0 0 0 1 0 1 1 0 0 0 0 1 0 0 0 0 0 0 0 0 0 1 1 0 0 0 0 0 0 0 0 1 1 0 0 1 1 1 1 0 0 0 0 0 0 0 0 0 0 0 0 1 0 0 0 1 0 1 0 0 1 1 1 0 0 1 1 1 0 0 0 0 0 0 0 1 0 0 0 1 0 0 0 0 1 0 0 0 1 1 0 1 0 1 1 1 1 0 1 0 1 0 0 0 1 0 0 0 0 0 0 0 0 0 0 0 1 1 0 0 0 0 0 0 0 0 0 1 1 0 0 0 0 0 0 0 0 0 0 1 0 1 0 0 1 1 0 1 1 0 0 0 0 0 0 0 0 0 0 0 0 0 0 0 0 0 0 0 0 0 0 1 0 0 1 0 0 0 0 0 0 0 0 0 0 0 0 0 0 0 0 0 2 0 0 0 0 0 0 0 0 0 0 0 0 0 0 0 0 0 0 1 2 0 2 0 1 1 1 1 0 0 0 0 0 0 1 2 2 1 1 0 1 2 0 1 0 0 0 2 0 1 0 0 0 1 0 0 0 0 2 0 1 0 1 1 1 1 0 0 1 2 0 0 2 1 0 0 1 0 0 0 0 1 0.417606 0.443959
4 0 0 0 0 0 0 0 1 0 0 0 0 0 0 0 0 0 0 0 0 0 0 0 0 0 0 0 0 0 0 0 0 1 0 0 0 0 0 0 0 1 0 0 0 0 0 0 0 0 0 1 1 0 0 0 0 0 0 0 0 0 1 0 0 0 1 0 0 0 0 0 0 0 0 0 0 0 0 0 0 1 0 0 0 1 0 0 0 0 0 1 0 0 0 0 0 2 0 0 0 0 0 0 0 1 0 0 0 1 0 0 0 0 1 0 0 0 1 1 0 1 0 1 1 1 1 0 0 0 0 0 0 0 1 0 0 0 0 0 0 0 0 0 0 0 0 1 0 0 0 0 0 0 0 0 0 1 0 0 0 0 0 0 0 0 0 0 0 1 0 0 0 0 1 0 0 0 0 0 0 0 0 0 0 0 0 0 0 0 0 0 0 0 0 0 0 0 0 0 0 0 0 0 1 0 0 0 0 0 0 0 0 0 0 0 1 0 1 0 0 0 2 0 0 1 0 2 2 2 0 0 0 0 0 0 0 2 0 1 2 0 0 0 2 0 1 1 1 1 0 0 0 0 0 0 1 2 2 1 1 0 1 2 0 1 0 0 0 2 0 1 0 0 0 1 0 0 0 0 2 0 1 0 1 1 1 1 0 0 1 2 0 0 2 1 0 0 1 0 0 0 0 1 0.183533 0
5 0 0 0 1 0 0 0 1 0 1 0 0 1 0 0 1 0 0 0 0 0 0 0 0 0 0 0 0 0 0 0 1 1 0 0 0 0 1 1 0 2 0 1 0 0 0 0 0 0 0 1 1 0 0 0 0 0 0 0 0 0 1 0 0 0 1 0 0 0 0 0 1 0 0 0 0 0 0 0 0 1 0 0 0 1 0 0 0 0 0 1 0 0 1 0 0 2 0 0 0 0 1 0 0 1 0 0 0 1 0 1 0 0 1 0 0 0 1 1 0 1 0 1 1 1 1 0 0 0 0 0 0 0 1 0 0 0 0 0 0 0 1 0 0 0 0 1 0 1 0 0 0 0 0 0 0 1 0 1 1 0 0 0 0 0 0 0 0 1 1 0 0 0 1 0 0 0 0 0 0 0 0 0 0 0 1 0 0 0 0 0 0 0 0 0 0 0 1 0 1 0 0 0 1 0 0 0 0 1 0 0 0 0 2 0 0 0 0 1 0 0 2 0 0 1 0 2 2 2 0 0 0 0 0 0 0 2 0 1 2 0 0 0 2 0 1 1 1 1 0 0 0 0 0 0 1 2 2 1 1 0 1 2 0 1 0 0 0 2 0 1 0 0 0 1 0 0 0 0 2 0 1 0 1 1 1 1 0 0 1 2 0 0 2 1 0 0 1 0 0 0 0 1 0.0646052 0
6 1 0 1 0 0 0 0 0 0 0 0 0 0 0 0 0 0 0 0 0 0 0 0 0 0 0 0 0 0 0 0 0 0 0 0 0 0 0 0 0 0 0 0 0 0 0 0 0 0 0 0 0 0 0 0 0 0 0 0 0 0 0 0 0 0 0 0 0 0 0 0 0 0 0 0 0 0 0 0 0 0 0 0 0 0 0 0 0 0 0 0 0 0 0 0 0 0 0 0 0 0 0 0 0 0 0 0 0 0 0 0 0 0 0 0 0 0 0 0 0 0 0 0 0 0 0 0 0 0 0 0 0 0 0 0 0 0 0 0 0 0 0 0 0 0 0 0 0 0 0 0 0 0 0 0 0 0 0 0 0 0 0 0 0 0 0 0 0 0 0 0 0 0 0 0 0 0 0 0 0 0 0 0 0 0 0 0 0 0 0 0 0 0 0 0 0 0 0 0 0 0 0 0 0 0 0 0 0 0 0 0 0 0 0 0 0 0 0 0 0 0 0 0 0 0 0 0 0 0 0 0 0 0 0 0 0 0 0 0 0 0 0 0 0 0 0 0 0 0 0 0 0 0 0 0 0 0 0 0 0 0 0 0 0 0 0 0 0 0 0 0 0 0 0 0 0 0 0 0 0 0 0 0 0 0 0 0 0 0 0 0 0 0 0 0 0 0 0 0 0 0 0 0 0.22908 0.224505
0 5
0 4
2 0
2 3
3 1
6 2
5 # mutation clusters
0 2 1 6 10 14 17 21 22 27 30 37 43 48 62 65 77 81 87
1 3 2 18 24 26 31 32 42 54 57 61 63 64 67 71 73 74 83 86 88 91 92 97
2 2 4 5 15 19 20 29 41 47 50 53 58 70 93
3 5 0 7 9 12 28 34 35 38 39 45 55 56 66 68 82 90 94 96 98
4 16 3 8 11 13 16 23 25 33 36 40 44 46 49 51 52 59 60 69 72 75 76 78 79 80 84 85 89 95 99
100 # segments
0 23 51
1 24
2
3 77
4
5 39
6 38
7 40 79
8 32 70 89
9
10 37 46 68
11 1 15
12 6 12 13
13 26
14
15
16
17
18 20
19
20 52 59 74
21 88 93
22 58 62
23 60 99
24
25
26 28
27 57
28
29 64
30 82
31 44
32 98
33 63 96
34 16
35
36 25
37
38 45
39 65
40
41 47
42
43 27
44 8 97
45 41 42 50
46
47 4
48 21
49
50 53 81 85
51 94
52 61
53
54
55
56 73
57
58 67
59 66
60 5 91
61
62
63 10 55
64
65 86
66 87
67
68 22
69 69
70
71
72 90
73 76
74 33 92
75 2 29 43
76 0
77 31 34 35 36
78
79 19
80 7
81
82 3
83
84 56 75
85 84
86 54
87
88 17
89
90 9 95
91 18
92
93 11 71
94 14 49
95 30
96 72
97 78 80
98 83
99 48
