10 #CNA trees
3 # nodes
0 (1,1) 1 1
1 (2,0) 2 0
2 (1,0) 1 0
2 1
0 2
3 # nodes
0 (1,1) 1 1
1 (1,2) 1 2
2 (0,0) 0 0
1 2
0 1
3 # nodes
0 (1,1) 1 1
1 (2,0) 2 0
2 (0,0) 0 0
0 1
1 2
3 # nodes
0 (1,1) 1 1
1 (0,0) 0 0
2 (0,1) 0 1
2 1
0 2
3 # nodes
0 (1,1) 1 1
1 (0,0) 0 0
2 (0,1) 0 1
0 2
2 1
3 # nodes
0 (1,1) 1 1
1 (1,2) 1 2
2 (0,0) 0 0
1 2
0 1
3 # nodes
0 (1,1) 1 1
1 (2,2) 2 2
2 (2,1) 2 1
1 2
0 1
3 # nodes
0 (1,1) 1 1
1 (0,1) 0 1
2 (2,2) 2 2
0 2
0 1
3 # nodes
0 (1,1) 1 1
1 (0,1) 0 1
2 (1,2) 1 2
0 1
0 2
3 # nodes
0 (1,1) 1 1
1 (2,0) 2 0
2 (1,0) 1 0
0 1
1 2
8 # nodes
50 #mutations
2 #samples
0 0 0 0 1 0 0 0 1 0 0 0 0 0 1 0 0 0 0 1 0 0 0 0 0 1 0 1 1 0 0 0 0 1 1 0 0 1 1 0 0 0 0 0 1 1 1 0 0 0 1 0 0 0 0 0 0 0 0 0 0 0 0 0 0 1 0 0 0 0 0 0 0 0 1 0 1 0 0 0 0 0 1 0 0 0 0 0 0 0 0 1 0 0 0 0 0 0 0 0 0 1 0 0 1 1 1 0 0 0 0 0 0 0 0.0827585 0
1 0 0 0 1 0 1 0 1 0 1 1 0 2 1 0 2 0 1 0 0 1 0 0 0 1 0 1 0 1 0 0 0 2 0 0 1 1 2 0 0 0 0 1 1 0 0 1 2 0 0 0 0 0 0 1 0 0 0 1 0 0 0 0 0 1 0 1 0 0 1 0 0 0 0 0 0 0 0 0 1 0 1 0 0 1 0 0 0 0 1 0 0 0 0 0 0 0 0 0 0 1 1 0 1 1 0 0 0 0 2 0 1 1 0.171777 0.174201
2 0 0 0 1 0 0 0 1 0 0 0 0 0 1 0 0 0 0 0 0 0 0 0 0 1 0 1 0 0 0 0 0 1 0 0 0 1 1 0 0 0 0 0 1 0 0 0 0 0 0 0 0 0 0 0 0 0 0 0 0 0 0 0 0 1 0 1 0 0 0 0 0 0 0 0 0 0 0 0 0 0 1 0 0 0 0 0 0 0 0 0 0 0 0 0 0 0 0 0 0 1 1 0 1 1 0 0 0 0 0 0 2 0 0 0.626352
3 0 1 0 1 0 0 0 1 0 0 0 0 0 1 0 0 0 0 0 0 0 0 0 0 1 0 1 0 0 0 0 0 1 0 0 0 1 1 0 0 0 0 0 1 0 0 0 0 0 0 0 0 0 0 0 0 0 0 0 0 0 0 0 0 1 0 1 0 0 0 0 0 0 0 0 0 0 0 0 0 0 1 0 0 0 0 0 0 0 0 0 0 0 0 0 0 0 0 0 0 1 1 0 1 1 0 0 0 0 0 0 0 0 0 0
4 0 0 0 1 0 1 0 1 0 1 0 0 1 1 0 0 0 0 0 0 0 0 0 0 1 0 1 0 0 0 0 0 1 0 0 0 1 1 0 0 0 0 1 1 0 0 0 1 0 0 0 0 0 0 0 0 0 0 0 0 0 0 0 0 1 0 1 0 0 0 0 0 0 0 0 0 0 0 0 1 0 1 0 0 0 0 0 0 0 1 0 0 0 0 0 0 0 0 0 0 1 1 0 1 1 0 0 0 0 0 0 1 0 0 0
5 0 0 0 1 0 1 0 1 0 0 0 0 1 1 0 0 0 0 0 0 0 1 0 0 1 0 1 0 0 0 0 0 1 0 0 0 1 1 0 0 0 1 1 1 0 0 0 1 1 0 0 0 0 0 0 0 1 0 0 0 0 1 0 0 0 0 1 0 0 0 0 0 1 0 0 0 0 0 0 1 1 1 0 0 0 0 0 0 1 1 0 0 0 0 0 0 0 0 0 0 1 1 1 1 1 0 2 0 2 0 0 1 0 0.413913 0
6 0 0 1 1 0 0 0 1 0 0 0 0 0 1 0 0 0 0 0 0 0 0 0 0 1 0 1 0 0 0 0 0 1 0 0 0 1 1 0 0 0 0 0 1 0 0 0 0 0 0 0 0 0 0 0 0 0 0 0 0 0 0 0 0 1 0 1 0 0 0 0 0 0 0 0 0 0 0 0 0 0 1 0 0 0 0 0 0 0 0 0 0 0 0 0 0 0 0 0 0 1 1 0 1 0 0 0 0 0 0 0 0 0 0.136182 0
7 1 0 1 0 0 0 0 0 0 0 0 0 0 0 0 0 0 0 0 0 0 0 0 0 0 0 0 0 0 0 0 0 0 0 0 0 0 0 0 0 0 0 0 0 0 0 0 0 0 0 0 0 0 0 0 0 0 0 0 0 0 0 0 0 0 0 0 0 0 0 0 0 0 0 0 0 0 0 0 0 0 0 0 0 0 0 0 0 0 0 0 0 0 0 0 0 0 0 0 0 0 0 0 0 0 0 0 0 0 0 0 0 0 0.195369 0.199446
3 2
3 4
3 0
4 1
4 5
6 3
7 6
5 # mutation clusters
0 6 0 4 10 11 13 21 23 28 29 33 34 40 47 48
1 1 1 5 7 12 14 16 17 25 31 32 43
2 4 2 6 9 26 36 39 44
3 0 15 20 22 24 30 37 41 42 46
4 5 3 8 18 19 27 35 38 45 49
10 # segments
0 0 7 23 25 32 43
1 4 5 27 33 38
2 13 24 36 39 41 45 48
3 6 37
4 10 17 18 21 31
5 11 14
6 9 12 42 46 47
7 2 3 15 19 20 26 28 40 49
8 1 8 16 30 35
9 22 29 34 44
