10 #CNA trees
3 # nodes
0 (1,1) 1 1
1 (2,1) 2 1
2 (2,0) 2 0
0 1
1 2
3 # nodes
0 (1,1) 1 1
1 (2,2) 2 2
2 (2,1) 2 1
1 2
0 1
3 # nodes
0 (1,1) 1 1
1 (2,2) 2 2
2 (1,0) 1 0
0 1
1 2
3 # nodes
0 (1,1) 1 1
1 (1,2) 1 2
2 (0,1) 0 1
0 1
1 2
3 # nodes
0 (1,1) 1 1
1 (2,0) 2 0
2 (1,0) 1 0
0 2
2 1
3 # nodes
0 (1,1) 1 1
1 (0,1) 0 1
2 (1,2) 1 2
0 2
0 1
3 # nodes
0 (1,1) 1 1
1 (1,2) 1 2
2 (0,2) 0 2
1 2
0 1
3 # nodes
0 (1,1) 1 1
1 (0,0) 0 0
2 (2,2) 2 2
0 2
0 1
3 # nodes
0 (1,1) 1 1
1 (0,2) 0 2
2 (1,0) 1 0
0 1
0 2
3 # nodes
0 (1,1) 1 1
1 (0,1) 0 1
2 (0,2) 0 2
0 1
0 2
8 # nodes
50 #mutations
2 #samples
0 0 0 0 0 0 1 0 0 0 0 1 0 0 1 0 0 0 1 0 0 1 1 0 0 0 0 1 0 0 1 0 0 1 0 0 1 0 0 0 0 0 0 0 1 0 0 1 0 0 0 0 1 0 0 0 0 1 0 0 0 0 0 0 0 0 0 0 0 0 0 0 0 0 0 0 0 0 0 1 0 0 0 0 1 0 0 0 0 0 1 0 0 1 0 0 0 0 2 0 0 0 0 1 2 1 0 0 0 2 0 0 2 0 0 0.413622
1 0 0 0 0 0 0 0 0 0 0 0 0 0 1 0 0 0 0 0 0 0 1 0 0 0 0 1 0 0 1 0 0 1 0 0 1 0 0 0 0 0 0 0 1 0 0 0 0 0 0 0 0 0 0 0 0 0 0 0 0 0 0 0 0 0 0 0 0 1 0 0 0 0 0 0 0 0 0 1 0 0 0 0 0 0 0 0 0 0 1 0 0 1 0 0 0 0 1 0 0 0 0 1 2 1 0 0 0 0 1 0 0 0 0.234331 0
2 0 1 0 0 0 0 0 0 0 0 0 0 0 1 0 0 0 0 0 0 0 1 0 0 0 0 1 0 0 1 0 0 1 0 0 1 0 0 0 0 0 0 0 1 0 0 0 0 0 0 0 0 0 0 0 0 0 0 0 0 0 0 0 0 0 0 0 0 1 0 0 0 0 0 0 0 0 0 1 0 0 0 0 0 0 0 0 0 0 1 0 0 1 0 0 0 0 1 0 0 0 0 1 2 1 0 0 0 0 0 0 0 0 0 0
3 0 0 0 0 0 1 0 0 0 0 1 0 0 1 0 0 0 1 0 0 1 1 0 0 0 0 1 0 0 1 0 0 1 0 0 1 0 0 0 0 0 0 0 1 0 0 1 0 0 0 0 1 0 0 0 0 1 0 0 0 0 0 0 0 0 0 0 0 0 0 0 0 0 0 0 0 0 0 1 0 0 0 0 1 0 0 0 0 0 1 0 0 1 0 0 0 0 1 0 0 0 0 1 2 1 0 0 0 0 0 0 2 0 0.209093 0
4 0 0 0 0 0 0 0 0 0 0 0 0 0 1 0 0 0 0 0 0 0 1 0 0 0 0 1 0 0 1 0 0 1 0 0 1 0 0 0 0 0 0 0 1 0 0 0 0 0 0 0 0 0 0 0 0 0 0 0 0 0 0 0 0 0 0 0 0 1 0 0 0 0 0 0 0 0 0 1 0 0 0 0 0 0 0 0 0 0 1 0 0 1 0 0 0 0 1 0 0 0 0 1 2 1 0 0 0 0 2 0 0 0 0 0.29069
5 0 0 0 1 0 0 0 1 0 0 0 0 0 1 1 0 0 0 0 1 0 1 1 1 0 1 0 0 0 2 0 1 2 0 0 2 0 0 0 0 0 0 0 1 1 1 0 0 0 1 0 0 0 0 0 0 0 0 1 0 0 0 0 0 0 1 1 0 2 0 0 0 0 0 0 0 0 1 1 0 0 0 0 0 1 0 0 1 0 1 1 0 1 0 0 0 0 1 1 0 1 0 1 2 2 1 0 0 0 0 0 1 0 0.192543 0
6 0 0 0 1 0 0 0 1 0 1 0 0 0 1 1 0 0 0 0 1 0 1 1 1 1 1 0 0 0 1 0 1 1 0 0 1 1 0 1 0 0 0 0 0 1 1 0 0 0 1 0 0 0 0 1 0 0 0 1 0 0 1 1 0 0 1 1 0 2 0 0 0 0 0 0 0 0 0 1 0 1 0 0 0 1 0 0 1 0 1 1 1 1 0 0 0 0 1 1 0 1 0 1 2 2 2 0 0 0 0 0 1 1 0.1483 0.0802031
7 1 0 1 0 0 0 0 0 0 0 0 0 0 0 0 0 0 0 0 0 0 0 0 0 0 0 0 0 0 0 0 0 0 0 0 0 0 0 0 0 0 0 0 0 0 0 0 0 0 0 0 0 0 0 0 0 0 0 0 0 0 0 0 0 0 0 0 0 0 0 0 0 0 0 0 0 0 0 0 0 0 0 0 0 0 0 0 0 0 0 0 0 0 0 0 0 0 0 0 0 0 0 0 0 0 0 0 0 0 0 0 0 0 0.215733 0.215485
1 4
2 5
2 3
2 1
3 0
5 6
7 2
5 # mutation clusters
0 2 10 15 18 23 25 26 39 40 44
1 6 1 6 8 9 21 27 33 35 38
2 3 2 3 7 14 17 30 43 48
3 2 29 32 36 49
4 5 0 4 5 11 12 13 16 19 20 22 24 28 31 34 37 41 42 45 46 47
10 # segments
0 0 2 10 11 18 19 22 42 43
1 4 6 13 27 31 37 41
2 24 26 29 32 33
3 21 28 35 49
4 3 17 20 30 36 46
5 5 44
6 1 38
7 9 14 16 25 34 39
8 7 8 15 23 45 47 48
9 12 40
