10 #CNA trees
3 # nodes
0 (1,1) 1 1
1 (1,2) 1 2
2 (2,2) 2 2
0 1
1 2
3 # nodes
0 (1,1) 1 1
1 (2,0) 2 0
2 (1,0) 1 0
1 2
0 1
3 # nodes
0 (1,1) 1 1
1 (2,2) 2 2
2 (1,2) 1 2
0 1
1 2
2 # nodes
0 (1,1) 1 1
1 (2,1) 2 1
0 1
3 # nodes
0 (1,1) 1 1
1 (2,2) 2 2
2 (2,1) 2 1
1 2
0 1
2 # nodes
0 (1,1) 1 1
1 (1,0) 1 0
0 1
3 # nodes
0 (1,1) 1 1
1 (2,1) 2 1
2 (1,2) 1 2
1 2
0 1
2 # nodes
0 (1,1) 1 1
1 (0,1) 0 1
0 1
3 # nodes
0 (1,1) 1 1
1 (2,1) 2 1
2 (2,0) 2 0
0 1
1 2
3 # nodes
0 (1,1) 1 1
1 (2,2) 2 2
2 (1,2) 1 2
0 1
1 2
7 # nodes
50 #mutations
2 #samples
0 0 0 0 1 0 0 0 0 0 0 0 0 0 0 0 0 1 1 1 1 0 0 0 0 0 0 0 0 0 0 0 0 1 0 1 1 0 0 0 0 0 0 1 1 0 0 0 0 1 0 0 0 0 0 0 1 0 0 0 0 1 0 0 1 0 0 0 0 0 0 0 0 0 1 0 0 1 1 0 0 1 0 0 0 0 0 0 0 0 0 0 0 0 0 0 0 0 0 0 0 1 1 0 2 0 2 1 0 0 0 0 0 0 0.396953 0.187126
1 0 0 0 1 0 0 0 0 0 0 0 0 0 0 0 0 0 1 0 1 0 0 0 0 0 0 0 0 0 0 0 0 2 0 1 2 0 0 0 0 0 0 0 0 0 0 0 0 1 0 0 0 0 0 0 1 0 0 0 0 1 0 0 0 0 0 0 0 0 0 0 0 0 1 0 0 0 1 0 0 0 0 0 0 0 0 0 0 0 0 0 0 0 0 0 0 0 0 0 0 1 0 0 2 0 0 0 0 0 1 0 0 1 0 0
2 0 0 0 1 0 0 0 0 0 0 0 0 0 0 1 1 0 1 0 1 0 0 1 0 1 0 0 0 0 0 0 0 1 0 1 1 0 1 0 0 0 0 0 0 0 0 1 0 1 0 0 0 0 0 0 1 0 1 0 0 1 1 0 0 0 0 0 0 0 0 0 0 0 1 0 0 0 1 0 0 0 0 0 0 0 0 0 0 0 0 0 0 0 0 0 0 0 0 0 0 1 0 0 2 0 0 0 0 0 1 0 0 2 0.272388 0
3 0 0 0 1 0 0 0 0 0 0 0 0 0 0 0 0 0 1 0 1 0 0 0 0 0 0 0 0 0 0 0 0 2 0 1 2 0 0 0 0 0 0 0 0 0 0 0 0 1 0 0 0 0 0 0 1 0 0 0 0 1 0 0 0 0 0 0 0 0 0 0 0 0 1 0 0 0 1 0 0 0 0 0 0 0 0 0 0 0 0 0 0 0 0 0 0 0 0 0 0 1 0 0 2 0 0 0 0 0 2 0 0 1 0 0.122164
4 0 1 0 1 0 0 0 0 0 0 0 0 0 0 0 0 0 1 0 1 0 0 0 0 0 0 0 0 0 0 0 0 1 0 1 1 0 0 0 0 0 0 0 0 0 0 0 0 1 0 0 0 0 0 0 1 0 0 0 0 1 0 0 0 0 0 0 0 0 0 0 0 0 1 0 0 0 1 0 0 0 0 0 0 0 0 0 0 0 0 0 0 0 0 0 0 0 0 0 0 1 0 0 2 0 0 0 0 0 0 0 0 0 0 0
5 0 0 0 1 0 0 0 0 1 0 0 0 0 0 1 1 0 1 0 1 0 1 1 0 1 0 0 0 0 1 0 0 1 1 1 1 0 1 0 1 1 1 0 0 0 0 1 0 1 0 0 0 1 0 1 1 1 1 0 1 1 1 0 0 0 0 0 0 0 0 0 0 0 1 0 0 0 1 1 0 0 0 0 0 0 0 0 0 1 0 0 0 0 0 0 0 0 0 0 0 1 0 0 2 2 0 0 0 1 1 0 0 2 0.157399 0.4724
6 1 0 1 0 0 0 0 0 0 0 0 0 0 0 0 0 0 0 0 0 0 0 0 0 0 0 0 0 0 0 0 0 0 0 0 0 0 0 0 0 0 0 0 0 0 0 0 0 0 0 0 0 0 0 0 0 0 0 0 0 0 0 0 0 0 0 0 0 0 0 0 0 0 0 0 0 0 0 0 0 0 0 0 0 0 0 0 0 0 0 0 0 0 0 0 0 0 0 0 0 0 0 0 0 0 0 0 0 0 0 0 0 0 0.17326 0.21831
1 2
1 3
2 5
4 0
4 1
6 4
5 # mutation clusters
0 4 0 2 7 14 16 20 24 29 31 32 45 47
1 2 4 8 11 12 19 21 34 43
2 0 10 13 15 23 27 39 40 48
3 5 1 3 5 6 18 25 26 30 35 36 37 38 49
4 8 9 17 22 28 33 41 42 44 46
10 # segments
0 8 9 13 24 35 40 42
1 17 22 31 34 37 46 49
2 0 28 33 44
3 7 20 47 48
4 1 4 19 23 27
5 5 10 12 16 26 43 45
6 3 15 21
7 2 11 18 30 36 41
8 6 14 25 38
9 29 32 39
