10 #CNA trees
3 # nodes
0 (1,1) 1 1
1 (2,2) 2 2
2 (0,1) 0 1
0 1
1 2
3 # nodes
0 (1,1) 1 1
1 (1,2) 1 2
2 (0,1) 0 1
1 2
0 1
3 # nodes
0 (1,1) 1 1
1 (0,2) 0 2
2 (0,1) 0 1
2 1
0 2
3 # nodes
0 (1,1) 1 1
1 (0,2) 0 2
2 (0,1) 0 1
2 1
0 2
3 # nodes
0 (1,1) 1 1
1 (1,2) 1 2
2 (0,1) 0 1
1 2
0 1
2 # nodes
0 (1,1) 1 1
1 (1,0) 1 0
0 1
3 # nodes
0 (1,1) 1 1
1 (2,1) 2 1
2 (1,2) 1 2
1 2
0 1
2 # nodes
0 (1,1) 1 1
1 (1,0) 1 0
0 1
3 # nodes
0 (1,1) 1 1
1 (0,2) 0 2
2 (1,0) 1 0
0 1
0 2
3 # nodes
0 (1,1) 1 1
1 (2,0) 2 0
2 (2,1) 2 1
0 1
0 2
9 # nodes
100 #mutations
2 #samples
0 0 0 0 0 0 0 0 0 1 0 0 0 0 1 0 1 0 0 0 0 0 0 0 0 0 0 0 1 0 0 0 1 0 0 1 1 0 0 0 1 0 0 0 0 2 0 0 0 0 0 0 2 0 0 0 0 2 0 0 0 0 0 1 0 0 1 0 1 0 0 0 0 0 0 0 0 0 0 0 0 0 1 0 0 0 0 0 0 0 0 0 0 1 0 0 0 0 0 0 0 1 1 0 0 0 1 0 1 0 0 0 0 0 0 0 0 0 0 1 1 0 0 0 1 0 0 1 0 0 1 0 0 2 0 0 0 0 1 0 0 0 0 1 0 0 0 0 0 0 0 0 0 0 0 0 0 0 0 0 0 0 0 0 0 0 0 1 0 1 1 1 0 0 1 0 0 0 0 0 0 0 0 0 1 1 1 0 0 1 1 0 0 0 0 0 1 0 0 0 0 0 0 1 1 1 0 2 1 0 0 0 0 2 0.10105 0
1 0 0 0 0 0 0 0 0 1 0 0 0 0 1 0 1 0 0 0 0 0 0 0 0 0 0 0 1 0 0 0 1 0 0 1 1 0 0 0 1 0 0 0 0 2 0 0 0 0 0 0 2 0 0 0 0 2 0 0 0 0 0 1 0 0 1 0 1 0 0 0 0 0 0 0 0 0 0 0 0 0 1 0 0 0 0 0 0 0 0 0 0 1 0 0 0 0 0 0 0 1 1 0 0 0 1 0 1 0 0 0 0 0 0 0 0 0 0 1 1 0 0 0 1 0 0 1 0 0 1 0 0 1 0 0 0 0 1 0 0 0 0 1 0 0 0 0 0 0 0 0 0 0 0 0 0 0 0 0 0 0 0 0 0 0 0 1 0 1 1 1 0 0 1 0 0 0 0 0 0 0 0 0 1 1 1 0 0 1 1 0 0 0 0 0 1 0 0 0 0 0 0 1 1 1 0 2 0 0 0 0 0 2 0.288963 0
2 0 1 0 0 0 0 0 0 1 0 0 0 0 1 0 1 0 0 0 0 0 0 0 0 0 0 0 1 0 0 0 1 0 0 1 1 0 0 0 1 0 0 0 0 1 0 0 0 0 0 0 1 0 0 0 0 1 0 0 0 0 0 1 0 0 1 0 1 0 0 0 0 0 0 0 0 0 0 0 0 0 1 0 0 0 0 0 0 0 0 0 0 1 0 0 0 0 0 0 0 1 1 0 0 0 1 0 1 0 0 0 0 0 0 0 0 0 0 1 1 0 0 0 1 0 0 1 0 0 1 0 0 1 0 0 0 0 1 0 0 0 0 1 0 0 0 0 0 0 0 0 0 0 0 0 0 0 0 0 0 0 0 0 0 0 0 1 0 1 1 1 0 0 1 0 0 0 0 0 0 0 0 0 1 1 1 0 0 1 1 0 0 0 0 0 1 0 0 0 0 0 0 1 1 1 0 2 0 0 0 0 0 0 0 0
3 0 0 0 0 0 0 0 0 1 0 0 0 0 1 0 1 0 0 0 0 0 0 0 0 0 0 0 1 0 0 0 1 0 0 1 1 0 0 0 1 0 0 0 0 1 0 0 0 0 0 0 1 0 0 0 0 1 0 0 0 0 0 1 0 0 1 0 1 0 0 0 0 0 0 0 0 0 0 0 0 0 1 0 0 0 0 0 0 0 0 0 0 1 0 0 0 0 0 0 0 1 1 0 0 0 1 0 1 0 0 0 0 0 0 0 0 0 0 1 1 0 0 0 0 0 0 1 0 0 1 0 0 1 0 0 0 0 1 0 0 0 0 1 0 0 0 0 0 0 0 0 0 0 0 0 0 0 0 0 0 0 0 0 0 0 0 1 0 1 1 1 0 0 1 0 0 0 0 0 0 0 0 0 1 1 1 0 0 1 0 0 0 0 0 0 1 0 0 0 0 0 0 0 1 1 0 2 0 0 0 0 2 0 0 0.605657
4 0 0 0 0 0 0 0 0 1 0 0 0 0 1 0 1 0 0 0 0 0 0 1 0 0 0 0 0 0 0 0 1 0 0 1 1 0 0 0 1 0 0 0 0 1 0 0 0 0 0 0 1 0 0 0 0 1 0 0 0 0 0 1 0 0 1 0 1 0 0 0 0 0 0 0 0 0 0 1 0 0 1 0 0 0 0 0 1 0 0 0 0 1 0 0 0 0 0 0 0 1 0 0 0 2 1 0 1 0 0 0 1 0 0 0 0 0 0 1 1 0 0 0 2 0 0 1 0 0 1 0 0 1 0 0 0 0 1 1 0 0 0 1 1 0 0 0 0 0 0 0 0 0 0 0 0 0 0 0 0 0 0 0 0 2 0 1 0 2 2 1 1 0 1 0 0 0 0 0 0 2 0 1 1 0 0 0 0 1 2 0 0 0 0 0 1 0 0 0 0 0 0 2 1 2 0 2 0 1 2 0 1 0 0 0.139445
5 0 0 0 0 0 0 0 0 1 0 0 0 0 1 0 1 0 0 0 0 0 0 1 0 0 0 0 0 0 0 0 1 0 0 1 1 0 0 0 1 0 0 0 0 1 0 0 0 0 0 0 1 0 0 0 0 1 0 0 0 0 0 1 0 0 1 0 1 0 0 0 0 0 0 0 0 0 0 1 0 0 1 0 0 0 0 0 1 0 0 0 0 1 0 0 0 0 0 0 0 1 0 0 0 1 1 0 1 0 0 0 1 0 0 0 0 0 0 1 1 0 0 0 2 0 0 1 0 0 1 0 0 1 0 0 0 0 1 1 0 0 0 1 1 0 0 0 0 0 0 0 0 0 0 0 0 0 0 0 0 0 0 0 0 1 0 1 0 1 1 1 1 0 1 0 0 0 0 0 0 1 0 1 1 0 0 0 0 1 2 0 0 0 0 0 1 0 0 0 0 0 0 2 1 2 0 2 0 1 0 0 1 0 0.0811083 0
6 1 0 1 0 0 0 0 0 0 0 0 0 0 0 0 0 0 0 0 0 0 0 0 0 0 0 0 0 0 0 0 0 0 0 0 0 0 0 0 0 0 0 0 0 0 0 0 0 0 0 0 0 0 0 0 0 0 0 0 0 0 0 0 0 0 0 0 0 0 0 0 0 0 0 0 0 0 0 0 0 0 0 0 0 0 0 0 0 0 0 0 0 0 0 0 0 0 0 0 0 0 0 0 0 0 0 0 0 0 0 0 0 0 0 0 0 0 0 0 0 0 0 0 0 0 0 0 0 0 0 0 0 0 0 0 0 0 0 0 0 0 0 0 0 0 0 0 0 0 0 0 0 0 0 0 0 0 0 0 0 0 0 0 0 0 0 0 0 0 0 0 0 0 0 0 0 0 0 0 0 0 0 0 0 0 0 0 0 0 0 0 0 0 0 0 0 0 0 0 0 0 0 0 0 0 0 0 0 0 0 0 0 0 0.195727 0.254898
7 0 0 0 0 0 0 0 0 1 0 0 0 0 1 1 0 0 1 0 0 0 0 0 0 1 0 0 1 0 0 1 1 0 0 1 1 1 0 0 0 0 0 0 0 2 0 0 0 0 0 0 2 0 0 0 0 2 0 1 0 0 0 1 0 0 0 0 1 0 0 0 0 1 0 1 1 0 0 0 0 0 1 0 0 0 0 0 0 0 0 0 0 1 0 0 0 0 1 0 0 1 1 0 0 0 1 2 1 0 0 0 0 0 0 0 0 0 0 1 1 0 0 0 1 0 0 1 0 2 0 0 0 1 0 0 0 0 1 0 0 0 0 1 0 0 1 1 0 0 0 0 0 0 0 1 0 0 1 0 0 0 0 0 0 0 0 1 0 1 1 1 0 0 1 0 0 0 0 0 1 0 0 0 1 1 1 0 0 1 1 0 0 0 1 0 2 0 0 0 0 0 0 1 2 1 0 1 2 0 0 0 0 2 0.21918 0
8 0 0 0 0 0 0 0 0 1 0 0 0 0 1 1 0 0 1 0 0 0 0 0 0 1 1 0 1 0 0 1 1 0 1 1 0 1 0 0 0 0 0 0 0 2 0 0 0 0 0 0 2 0 0 0 0 2 0 0 0 0 0 1 0 0 0 0 0 0 0 0 0 1 0 1 1 0 0 0 0 0 1 0 0 0 0 0 0 0 0 0 0 1 0 0 0 0 1 0 0 1 1 0 1 0 1 2 1 0 1 0 0 0 0 0 0 1 0 1 1 1 1 0 1 0 0 1 0 2 0 0 0 1 0 0 0 0 1 0 0 0 1 1 0 0 1 2 1 1 1 1 0 1 1 1 1 0 1 0 0 1 1 0 1 0 0 1 0 1 1 2 0 0 1 0 0 0 1 0 1 0 0 0 2 1 1 0 0 1 1 1 0 0 1 1 2 1 0 0 1 0 0 1 2 1 1 1 2 0 0 0 0 2 0.113971 0
0 7
1 0
2 5
2 1
2 3
5 4
6 2
7 8
5 # mutation clusters
0 2 4 5 9 10 16 23 24 29 31 32 36 39 56 59 62 66 70 80 81 85 86 89 97 98 99
1 5 1 7 8 19 35 40 61 68 73 75 77 79 84 88
2 2 2 12 15 20 26 28 34 41 48 53 63 64 65 67 78 82 92
3 8 0 6 13 17 18 22 30 38 44 45 46 47 49 50 52 57 58 60 74 87 91 93 96
4 7 3 11 14 21 25 27 33 37 42 43 51 54 55 69 71 72 76 83 90 94 95
10 # segments
0 12 19 26 42 44 51 62 70 76 84 90
1 23 24 46 52 57 73 79 81 94
2 13 32 43 55 58 60 64 67 80
3 3 9 18 25 56 92
4 6 29 36 37 40 50 74 83 95 96
5 7 30 33 72 78 82 88
6 1 10 28 31 61 65 66 71 75 77 97
7 4 5 14 15 17 21 22 34 38 39 45 47 59 68 69 85 89
8 0 11 20 27 35 49 54 86 98 99
9 2 8 16 41 48 53 63 87 91 93
