100 #CNA trees
3 # nodes
0 (1,1) 1 1
1 (2,0) 2 0
2 (1,0) 1 0
0 2
2 1
3 # nodes
0 (1,1) 1 1
1 (1,2) 1 2
2 (0,0) 0 0
0 1
1 2
3 # nodes
0 (1,1) 1 1
1 (2,0) 2 0
2 (0,0) 0 0
1 2
0 1
3 # nodes
0 (1,1) 1 1
1 (0,0) 0 0
2 (0,1) 0 1
0 2
2 1
3 # nodes
0 (1,1) 1 1
1 (0,0) 0 0
2 (0,1) 0 1
2 1
0 2
3 # nodes
0 (1,1) 1 1
1 (1,2) 1 2
2 (0,0) 0 0
0 1
1 2
3 # nodes
0 (1,1) 1 1
1 (2,2) 2 2
2 (2,1) 2 1
0 1
1 2
3 # nodes
0 (1,1) 1 1
1 (0,1) 0 1
2 (2,2) 2 2
0 1
0 2
3 # nodes
0 (1,1) 1 1
1 (0,1) 0 1
2 (1,2) 1 2
0 2
0 1
3 # nodes
0 (1,1) 1 1
1 (2,0) 2 0
2 (1,0) 1 0
1 2
0 1
3 # nodes
0 (1,1) 1 1
1 (1,2) 1 2
2 (0,1) 0 1
1 2
0 1
3 # nodes
0 (1,1) 1 1
1 (2,2) 2 2
2 (2,1) 2 1
1 2
0 1
3 # nodes
0 (1,1) 1 1
1 (1,2) 1 2
2 (0,2) 0 2
1 2
0 1
3 # nodes
0 (1,1) 1 1
1 (0,0) 0 0
2 (2,2) 2 2
0 2
0 1
3 # nodes
0 (1,1) 1 1
1 (0,0) 0 0
2 (1,0) 1 0
0 2
0 1
3 # nodes
0 (1,1) 1 1
1 (0,1) 0 1
2 (2,1) 2 1
0 2
0 1
3 # nodes
0 (1,1) 1 1
1 (2,1) 2 1
2 (1,0) 1 0
0 1
1 2
3 # nodes
0 (1,1) 1 1
1 (2,2) 2 2
2 (1,2) 1 2
0 1
1 2
3 # nodes
0 (1,1) 1 1
1 (0,2) 0 2
2 (2,1) 2 1
0 1
0 2
3 # nodes
0 (1,1) 1 1
1 (2,2) 2 2
2 (0,0) 0 0
0 1
1 2
3 # nodes
0 (1,1) 1 1
1 (2,0) 2 0
2 (0,0) 0 0
0 1
1 2
3 # nodes
0 (1,1) 1 1
1 (2,2) 2 2
2 (2,1) 2 1
0 1
1 2
3 # nodes
0 (1,1) 1 1
1 (2,1) 2 1
2 (2,0) 2 0
0 1
1 2
3 # nodes
0 (1,1) 1 1
1 (0,0) 0 0
2 (0,1) 0 1
2 1
0 2
3 # nodes
0 (1,1) 1 1
1 (0,2) 0 2
2 (0,1) 0 1
2 1
0 2
3 # nodes
0 (1,1) 1 1
1 (2,2) 2 2
2 (0,1) 0 1
0 1
1 2
3 # nodes
0 (1,1) 1 1
1 (2,1) 2 1
2 (1,2) 1 2
0 1
1 2
3 # nodes
0 (1,1) 1 1
1 (2,0) 2 0
2 (2,1) 2 1
0 1
0 2
3 # nodes
0 (1,1) 1 1
1 (0,2) 0 2
2 (2,0) 2 0
0 1
0 2
3 # nodes
0 (1,1) 1 1
1 (1,2) 1 2
2 (0,0) 0 0
0 1
1 2
2 # nodes
0 (1,1) 1 1
1 (0,0) 0 0
0 1
3 # nodes
0 (1,1) 1 1
1 (1,2) 1 2
2 (0,1) 0 1
0 1
1 2
3 # nodes
0 (1,1) 1 1
1 (2,1) 2 1
2 (2,0) 2 0
1 2
0 1
3 # nodes
0 (1,1) 1 1
1 (0,0) 0 0
2 (1,0) 1 0
0 2
2 1
3 # nodes
0 (1,1) 1 1
1 (1,2) 1 2
2 (2,0) 2 0
1 2
0 1
3 # nodes
0 (1,1) 1 1
1 (0,0) 0 0
2 (2,1) 2 1
0 2
0 1
3 # nodes
0 (1,1) 1 1
1 (1,2) 1 2
2 (2,1) 2 1
0 2
0 1
2 # nodes
0 (1,1) 1 1
1 (2,0) 2 0
0 1
3 # nodes
0 (1,1) 1 1
1 (1,2) 1 2
2 (2,1) 2 1
1 2
0 1
3 # nodes
0 (1,1) 1 1
1 (0,1) 0 1
2 (1,0) 1 0
0 2
0 1
3 # nodes
0 (1,1) 1 1
1 (0,2) 0 2
2 (0,1) 0 1
0 2
2 1
3 # nodes
0 (1,1) 1 1
1 (0,0) 0 0
2 (1,0) 1 0
0 2
0 1
2 # nodes
0 (1,1) 1 1
1 (2,2) 2 2
0 1
3 # nodes
0 (1,1) 1 1
1 (2,2) 2 2
2 (0,2) 0 2
1 2
0 1
3 # nodes
0 (1,1) 1 1
1 (0,0) 0 0
2 (1,2) 1 2
0 2
0 1
3 # nodes
0 (1,1) 1 1
1 (0,1) 0 1
2 (2,2) 2 2
0 2
0 1
3 # nodes
0 (1,1) 1 1
1 (0,1) 0 1
2 (2,0) 2 0
0 2
0 1
3 # nodes
0 (1,1) 1 1
1 (2,0) 2 0
2 (0,0) 0 0
1 2
0 1
3 # nodes
0 (1,1) 1 1
1 (2,0) 2 0
2 (1,0) 1 0
1 2
0 1
3 # nodes
0 (1,1) 1 1
1 (0,1) 0 1
2 (2,1) 2 1
0 2
0 1
3 # nodes
0 (1,1) 1 1
1 (2,1) 2 1
2 (2,2) 2 2
0 2
0 1
2 # nodes
0 (1,1) 1 1
1 (0,2) 0 2
0 1
3 # nodes
0 (1,1) 1 1
1 (1,0) 1 0
2 (2,0) 2 0
0 2
0 1
2 # nodes
0 (1,1) 1 1
1 (0,1) 0 1
0 1
3 # nodes
0 (1,1) 1 1
1 (2,0) 2 0
2 (1,0) 1 0
0 2
2 1
3 # nodes
0 (1,1) 1 1
1 (0,2) 0 2
2 (2,1) 2 1
0 2
0 1
3 # nodes
0 (1,1) 1 1
1 (2,0) 2 0
2 (0,0) 0 0
1 2
0 1
3 # nodes
0 (1,1) 1 1
1 (0,1) 0 1
2 (0,2) 0 2
0 2
2 1
3 # nodes
0 (1,1) 1 1
1 (1,2) 1 2
2 (0,0) 0 0
1 2
0 1
3 # nodes
0 (1,1) 1 1
1 (0,2) 0 2
2 (1,2) 1 2
0 2
0 1
3 # nodes
0 (1,1) 1 1
1 (2,2) 2 2
2 (2,1) 2 1
1 2
0 1
3 # nodes
0 (1,1) 1 1
1 (0,2) 0 2
2 (2,1) 2 1
0 2
0 1
3 # nodes
0 (1,1) 1 1
1 (0,1) 0 1
2 (2,1) 2 1
0 2
0 1
3 # nodes
0 (1,1) 1 1
1 (1,2) 1 2
2 (2,2) 2 2
1 2
0 1
3 # nodes
0 (1,1) 1 1
1 (1,2) 1 2
2 (2,0) 2 0
0 1
1 2
3 # nodes
0 (1,1) 1 1
1 (0,0) 0 0
2 (0,2) 0 2
2 1
0 2
3 # nodes
0 (1,1) 1 1
1 (2,1) 2 1
2 (2,0) 2 0
0 1
1 2
3 # nodes
0 (1,1) 1 1
1 (0,0) 0 0
2 (2,2) 2 2
0 1
0 2
3 # nodes
0 (1,1) 1 1
1 (1,2) 1 2
2 (2,1) 2 1
0 1
1 2
2 # nodes
0 (1,1) 1 1
1 (0,0) 0 0
0 1
3 # nodes
0 (1,1) 1 1
1 (0,0) 0 0
2 (0,2) 0 2
2 1
0 2
2 # nodes
0 (1,1) 1 1
1 (0,2) 0 2
0 1
3 # nodes
0 (1,1) 1 1
1 (1,2) 1 2
2 (0,1) 0 1
0 1
1 2
3 # nodes
0 (1,1) 1 1
1 (1,2) 1 2
2 (0,0) 0 0
0 1
1 2
3 # nodes
0 (1,1) 1 1
1 (1,2) 1 2
2 (0,0) 0 0
0 1
1 2
3 # nodes
0 (1,1) 1 1
1 (2,1) 2 1
2 (0,0) 0 0
0 1
1 2
3 # nodes
0 (1,1) 1 1
1 (0,1) 0 1
2 (1,2) 1 2
0 1
0 2
3 # nodes
0 (1,1) 1 1
1 (1,0) 1 0
2 (1,2) 1 2
0 1
0 2
3 # nodes
0 (1,1) 1 1
1 (1,0) 1 0
2 (2,0) 2 0
0 1
0 2
3 # nodes
0 (1,1) 1 1
1 (0,0) 0 0
2 (1,0) 1 0
0 1
0 2
3 # nodes
0 (1,1) 1 1
1 (1,2) 1 2
2 (2,0) 2 0
0 1
0 2
3 # nodes
0 (1,1) 1 1
1 (0,1) 0 1
2 (1,0) 1 0
0 1
0 2
3 # nodes
0 (1,1) 1 1
1 (2,1) 2 1
2 (0,2) 0 2
0 1
1 2
3 # nodes
0 (1,1) 1 1
1 (2,0) 2 0
2 (0,0) 0 0
0 1
1 2
3 # nodes
0 (1,1) 1 1
1 (2,1) 2 1
2 (2,2) 2 2
0 1
1 2
3 # nodes
0 (1,1) 1 1
1 (1,2) 1 2
2 (0,0) 0 0
0 1
1 2
3 # nodes
0 (1,1) 1 1
1 (0,1) 0 1
2 (2,2) 2 2
0 1
0 2
3 # nodes
0 (1,1) 1 1
1 (0,2) 0 2
2 (1,2) 1 2
0 1
0 2
3 # nodes
0 (1,1) 1 1
1 (0,2) 0 2
2 (2,1) 2 1
0 1
0 2
3 # nodes
0 (1,1) 1 1
1 (0,0) 0 0
2 (0,1) 0 1
2 1
0 2
3 # nodes
0 (1,1) 1 1
1 (2,1) 2 1
2 (2,2) 2 2
0 1
1 2
3 # nodes
0 (1,1) 1 1
1 (0,1) 0 1
2 (2,2) 2 2
0 1
0 2
3 # nodes
0 (1,1) 1 1
1 (1,2) 1 2
2 (2,1) 2 1
0 1
1 2
3 # nodes
0 (1,1) 1 1
1 (0,0) 0 0
2 (0,2) 0 2
2 1
0 2
3 # nodes
0 (1,1) 1 1
1 (1,2) 1 2
2 (0,2) 0 2
0 1
1 2
3 # nodes
0 (1,1) 1 1
1 (0,2) 0 2
2 (2,2) 2 2
0 1
0 2
3 # nodes
0 (1,1) 1 1
1 (1,2) 1 2
2 (2,2) 2 2
0 1
0 2
3 # nodes
0 (1,1) 1 1
1 (1,0) 1 0
2 (2,1) 2 1
0 1
0 2
3 # nodes
0 (1,1) 1 1
1 (0,1) 0 1
2 (2,0) 2 0
0 1
0 2
2 # nodes
0 (1,1) 1 1
1 (0,0) 0 0
0 1
11 # nodes
50 #mutations
2 #samples
0 0 0 0 0 0 0 0 0 0 0 0 0 0 0 1 1 0 0 0 0 0 0 1 0 1 0 1 0 1 0 0 0 0 1 0 1 1 0 0 0 0 0 0 0 1 0 0 1 1 0 0 0 0 1 0 0 0 0 0 0 0 1 0 0 0 0 1 1 0 1 1 0 0 1 0 1 0 2 0 1 0 1 1 0 0 0 0 0 0 0 1 0 1 1 0 0 1 0 0 0 1 0 1 1 0 0 0 0 0 0 0 0 0 0 0 1 0 0 0 0 0 2 0 0 0 1 0 0 0 0 0 0 0 0 0 0 0 0 2 0 0 2 1 2 0 1 0 0 2 0 0 0 0 0 0 0 1 2 1 1 2 1 0 0 0 0 1 0 0 0 0 0 1 0 1 1 1 0 0 1 2 0 0 0 2 2 0 0 1 0 1 2 0 0 1 0 0 0 1 1 0 1 0 0 0
1 0 0 0 0 0 0 0 0 0 0 0 0 0 0 1 1 0 0 0 0 0 0 1 0 1 0 1 0 1 0 0 0 0 1 0 1 1 0 0 0 0 0 0 0 1 0 0 1 1 0 0 0 0 1 0 0 0 0 0 0 0 1 0 0 0 0 1 1 0 1 1 0 0 1 0 1 0 2 0 1 0 1 1 0 0 0 0 0 0 0 1 0 1 1 0 0 1 0 0 0 1 0 1 1 0 0 0 0 0 0 0 0 0 0 0 0 0 0 0 0 0 2 0 0 0 0 0 0 0 0 0 0 0 0 0 0 0 0 2 0 0 2 1 2 0 1 0 0 2 0 0 0 0 0 0 0 1 2 1 1 2 1 0 0 0 0 1 0 0 0 0 0 1 0 1 1 1 0 0 1 2 0 0 0 2 2 0 0 1 0 1 2 0 0 1 0 0 0 1 1 0 1 0 0.234186 0
2 0 0 0 0 0 0 0 0 0 0 0 0 0 0 0 1 0 0 0 0 0 0 1 0 0 0 1 0 0 0 0 0 0 0 0 1 1 0 0 0 0 0 0 0 0 0 0 0 1 0 0 0 0 1 0 0 0 0 0 0 0 0 0 0 0 0 0 1 0 1 1 0 0 1 0 1 0 1 0 1 0 0 1 0 0 0 0 0 0 0 1 0 0 1 0 0 0 0 0 0 0 0 0 1 0 0 0 0 0 0 0 0 0 0 0 0 0 0 0 0 0 0 0 0 0 0 0 0 0 0 0 0 0 0 0 0 0 0 0 0 0 0 0 2 0 1 0 0 0 0 0 0 0 0 0 0 0 0 0 0 2 1 0 0 2 0 1 0 0 0 0 0 1 0 1 1 1 0 0 1 2 0 0 0 2 2 0 0 1 0 1 2 0 0 1 0 0 0 1 1 0 1 0 0.573026 0
3 0 0 0 0 0 0 0 0 0 0 0 0 0 0 0 1 0 0 0 0 0 0 1 0 0 0 1 0 0 0 0 0 0 0 0 1 1 0 0 0 0 0 0 0 0 0 0 0 1 0 0 0 0 1 0 0 0 0 0 0 0 0 0 0 0 0 0 1 0 1 1 0 0 1 0 1 0 1 0 1 0 0 1 0 0 0 0 0 0 0 1 0 0 1 0 0 0 0 0 0 0 0 0 1 0 0 0 0 0 0 0 0 0 0 0 0 0 0 0 0 0 0 0 0 0 0 0 0 0 0 0 0 0 0 0 0 0 0 0 0 0 0 0 2 0 1 0 0 0 0 0 0 0 0 0 0 0 0 0 0 2 1 0 0 0 0 1 0 0 0 0 0 1 0 1 1 1 0 0 1 2 0 0 0 2 2 0 0 1 0 1 2 0 0 1 0 0 0 1 1 0 1 0 0 0
4 0 0 0 0 0 0 0 0 0 0 0 0 0 0 0 0 0 0 0 0 0 0 1 0 0 0 1 0 0 0 0 0 0 0 0 1 0 0 0 0 0 0 0 0 0 0 0 0 1 0 0 0 0 0 0 0 0 0 0 0 0 0 0 0 0 0 0 1 0 1 1 0 0 0 0 0 0 1 0 0 0 0 1 0 0 0 0 0 0 0 0 0 0 1 0 0 0 0 0 0 0 0 0 1 0 0 0 0 0 0 0 0 0 0 0 0 0 0 0 0 0 0 0 0 0 0 0 0 0 0 0 0 0 0 0 0 0 0 0 0 0 0 0 2 0 1 0 0 0 0 0 0 0 0 0 0 0 0 0 0 2 0 0 0 0 0 0 0 0 0 0 0 0 0 1 0 1 0 0 0 2 0 0 0 2 2 0 0 1 0 1 2 0 0 1 0 0 0 1 1 0 1 0 0 0
5 0 1 0 0 1 0 0 0 0 0 0 0 0 0 0 0 0 0 0 0 0 0 1 0 0 0 1 0 0 0 0 0 0 0 0 1 0 0 0 0 0 0 0 0 0 0 0 0 1 0 0 0 0 0 0 0 0 0 0 0 0 0 0 0 0 0 0 1 0 1 1 0 0 0 0 0 0 1 0 0 0 0 1 0 0 0 0 0 0 0 0 0 0 1 0 0 0 0 0 0 0 0 0 1 0 0 0 0 0 0 0 0 0 0 0 0 0 0 0 0 0 0 0 0 0 0 0 0 0 0 0 0 0 0 0 0 0 0 0 0 0 0 0 2 0 1 0 0 0 0 0 0 0 0 0 0 0 0 0 0 2 0 0 0 0 0 0 0 0 0 0 0 0 0 1 0 0 0 0 0 0 0 0 0 0 0 0 0 0 0 0 2 0 0 1 0 0 0 1 1 0 1 0 0 0.162066
6 0 0 0 0 0 1 0 0 1 0 0 0 1 1 0 0 0 0 0 0 0 1 1 0 0 0 0 0 0 0 0 0 0 0 0 1 0 0 0 0 0 0 0 0 0 0 0 0 1 0 0 0 0 0 0 0 0 0 0 1 0 0 0 0 0 0 0 1 0 1 1 0 0 0 0 0 0 1 0 0 1 0 1 0 0 0 0 0 0 0 0 1 0 1 0 0 0 0 0 0 0 0 0 1 0 0 0 0 0 0 0 0 0 0 0 0 0 0 0 0 0 0 0 0 0 0 0 0 0 0 0 0 0 0 0 0 0 0 0 0 0 0 2 2 1 1 0 2 1 2 0 1 0 0 0 1 0 0 0 0 1 0 0 2 0 1 0 0 0 1 2 0 0 0 1 0 2 0 0 0 2 0 1 0 2 2 0 0 1 0 1 2 0 0 1 0 0 0 1 1 0 1 0 0 0.0678685
7 0 0 0 0 0 0 1 0 0 0 0 0 0 0 1 1 0 0 0 0 0 0 1 0 1 0 1 0 1 0 0 0 0 1 1 1 1 0 0 1 0 0 0 0 1 0 0 1 1 0 0 0 0 1 0 0 0 1 0 0 1 1 0 0 0 0 1 1 0 1 1 0 0 1 0 1 0 2 0 1 0 1 1 0 0 0 0 1 1 0 1 0 1 1 0 0 1 0 0 1 1 1 1 1 0 0 0 0 0 0 0 0 0 2 0 1 0 0 0 0 0 2 0 0 0 1 0 0 0 0 0 0 0 0 0 0 0 0 2 0 0 2 1 2 0 1 0 0 2 0 0 0 0 0 0 0 1 2 1 1 2 1 0 0 0 0 1 0 0 0 0 0 1 0 1 1 1 0 0 1 2 0 0 0 2 2 0 0 1 0 1 2 0 0 1 0 0 0 1 1 0 1 0 0 0.270786
8 0 0 0 0 0 0 0 0 0 0 0 0 0 0 1 1 0 0 0 0 0 0 1 0 1 0 1 0 1 0 0 0 0 1 0 1 1 0 0 0 0 0 0 0 1 0 0 1 1 0 0 0 0 1 0 0 0 0 0 0 0 1 0 0 0 0 1 1 0 1 1 0 0 1 0 1 0 2 0 1 0 1 1 0 0 0 0 0 0 0 1 0 1 1 0 0 1 0 0 0 1 0 1 1 0 0 0 2 0 0 0 0 0 0 0 1 0 0 0 0 0 2 0 0 0 1 0 0 0 0 0 0 0 0 0 0 0 0 2 0 0 2 1 2 0 1 0 0 2 0 0 0 0 0 0 0 1 2 1 1 2 1 0 0 0 0 1 0 0 0 0 0 1 0 1 1 1 0 0 1 2 0 0 0 2 2 0 0 1 0 1 2 0 0 1 0 0 0 1 1 0 1 0 0 0.106588
9 0 0 0 0 0 0 0 0 0 0 0 0 0 0 1 1 0 0 0 0 0 0 1 0 1 0 1 0 1 0 0 0 0 1 0 1 1 0 0 0 0 0 0 0 1 0 0 1 1 0 0 0 0 1 0 0 0 0 0 0 0 1 0 0 0 0 1 1 0 1 1 0 0 1 0 1 0 2 0 1 0 1 0 0 0 0 0 0 0 0 1 0 1 1 0 0 1 0 0 0 1 0 1 1 0 0 0 1 0 0 0 0 0 0 0 1 0 0 0 0 0 2 0 0 0 1 0 0 0 0 0 0 0 0 0 0 0 0 2 0 0 2 1 2 0 1 0 0 2 0 0 0 0 0 0 0 1 2 1 1 2 1 0 0 0 0 1 0 0 0 0 0 1 0 1 1 1 0 0 1 2 0 0 0 2 2 0 0 1 0 1 2 0 0 1 0 0 0 1 1 0 1 0 0 0.206667
10 1 0 1 0 0 0 0 0 0 0 0 0 0 0 0 0 0 0 0 0 0 0 0 0 0 0 0 0 0 0 0 0 0 0 0 0 0 0 0 0 0 0 0 0 0 0 0 0 0 0 0 0 0 0 0 0 0 0 0 0 0 0 0 0 0 0 0 0 0 0 0 0 0 0 0 0 0 0 0 0 0 0 0 0 0 0 0 0 0 0 0 0 0 0 0 0 0 0 0 0 0 0 0 0 0 0 0 0 0 0 0 0 0 0 0 0 0 0 0 0 0 0 0 0 0 0 0 0 0 0 0 0 0 0 0 0 0 0 0 0 0 0 0 0 0 0 0 0 0 0 0 0 0 0 0 0 0 0 0 0 0 0 0 0 0 0 0 0 0 0 0 0 0 0 0 0 0 0 0 0 0 0 0 0 0 0 0 0 0 0 0 0 0 0 0 0 0 0 0 0 0 0 0 0.192788 0.186024
0 7
0 8
1 0
3 1
3 2
4 6
4 3
5 4
8 9
10 5
5 # mutation clusters
0 5 1 14 16 17 19 23 24 29 32 40 42 45
1 0 0 12 20 22 26 33 37
2 0 2 5 6 9 10 18 27 38
3 0 8 11 13 21 25 28 30 39 41 43 44 47 49
4 7 3 4 7 15 31 34 35 36 46 48
100 # segments
0
1 19 37
2
3
4 29
5
6
7
8 21
9
10 15
11
12
13
14
15 43
16 22
17 33
18 11 16
19
20 3 9 10
21 41
22
23
24
25
26 5
27 38
28
29 45
30
31
32
33
34
35
36
37
38 20
39
40 0
41 23
42 13
43 12
44
45 24
46
47
48
49
50 17
51
52
53 48
54
55 8
56 27 31
57
58
59
60 44
61
62 40
63
64
65
66
67 26 28
68
69
70 30
71
72
73
74 36
75 46
76
77
78 25 49
79 34 35
80
81
82 1 7
83
84
85 18 32
86 39
87 47
88
89
90 4 14
91
92 2 6
93
94
95
96
97
98 42
99
