10 #CNA trees
3 # nodes
0 (1,1) 1 1
1 (2,1) 2 1
2 (2,0) 2 0
0 1
1 2
3 # nodes
0 (1,1) 1 1
1 (2,2) 2 2
2 (2,1) 2 1
1 2
0 1
3 # nodes
0 (1,1) 1 1
1 (2,2) 2 2
2 (1,0) 1 0
0 1
1 2
3 # nodes
0 (1,1) 1 1
1 (1,2) 1 2
2 (0,1) 0 1
0 1
1 2
3 # nodes
0 (1,1) 1 1
1 (2,0) 2 0
2 (1,0) 1 0
0 2
2 1
3 # nodes
0 (1,1) 1 1
1 (0,1) 0 1
2 (1,2) 1 2
0 2
0 1
3 # nodes
0 (1,1) 1 1
1 (1,2) 1 2
2 (0,2) 0 2
1 2
0 1
3 # nodes
0 (1,1) 1 1
1 (0,0) 0 0
2 (2,2) 2 2
0 2
0 1
3 # nodes
0 (1,1) 1 1
1 (0,2) 0 2
2 (1,0) 1 0
0 1
0 2
3 # nodes
0 (1,1) 1 1
1 (0,1) 0 1
2 (0,2) 0 2
0 1
0 2
8 # nodes
100 #mutations
2 #samples
0 0 0 0 0 0 0 0 0 0 1 0 1 0 1 0 1 1 1 1 0 0 0 0 0 0 0 1 0 0 0 0 1 0 0 0 0 1 0 1 0 1 0 0 0 0 0 0 0 1 1 0 0 0 1 0 0 0 0 1 1 0 0 0 0 0 1 0 0 0 0 0 0 1 0 0 0 0 0 1 0 0 0 1 0 0 1 0 0 1 0 0 0 0 0 1 1 0 0 1 0 0 1 1 1 0 1 0 2 1 0 1 0 1 0 0 0 0 0 0 0 0 0 0 1 0 2 0 0 0 2 1 0 1 0 1 0 0 1 0 2 0 0 0 0 1 0 0 0 0 0 1 1 0 0 1 0 1 0 0 0 0 0 0 0 1 0 0 1 1 1 0 1 0 0 0 0 0 0 0 1 0 1 0 0 0 0 1 0 0 0 1 0 0 2 0 0 1 0 0 1 2 0 0 2 1 0 1 0 2 0 0 2 0 0 0.0789456
1 0 1 0 0 0 0 0 0 0 0 0 0 0 0 0 0 1 1 0 0 0 0 0 0 0 0 1 0 0 0 0 0 0 0 0 0 0 0 0 0 0 0 0 0 0 0 0 0 0 1 0 0 0 0 0 0 0 0 0 0 0 0 0 0 0 1 0 0 0 0 0 0 0 0 0 0 0 0 1 0 0 0 0 0 0 0 0 0 0 0 0 0 0 0 1 0 0 0 0 0 0 0 0 0 0 0 0 1 1 0 1 0 0 0 0 0 0 0 0 0 0 0 0 0 0 0 0 0 0 0 0 0 1 0 0 0 0 0 0 1 0 0 0 0 0 0 0 0 0 0 1 0 0 0 0 0 1 0 0 0 0 0 0 0 0 0 0 0 0 0 0 0 0 0 0 0 0 1 0 1 0 0 0 0 1 0 1 0 0 0 0 0 0 1 0 0 0 0 0 0 0 0 0 2 1 0 0 0 0 0 0 0 0 0 0
2 0 0 0 0 0 0 0 0 0 1 0 1 0 0 0 0 1 1 1 0 0 0 0 0 0 0 1 0 0 0 0 1 0 0 0 0 1 0 1 0 1 0 0 0 0 0 0 0 1 1 0 0 0 0 0 0 0 0 0 0 0 0 0 0 0 1 0 0 0 0 0 0 0 0 0 0 0 0 1 0 0 0 1 0 0 1 0 0 1 0 0 0 0 0 1 0 0 0 1 0 0 1 0 0 0 1 0 1 1 0 1 0 1 0 0 0 0 0 0 0 0 0 0 0 0 1 0 0 0 1 1 0 1 0 1 0 0 0 0 1 0 0 0 0 0 0 0 0 0 0 1 1 0 0 1 0 1 0 0 0 0 0 0 0 0 0 0 1 1 1 0 0 0 0 0 0 0 0 0 1 0 0 0 0 0 0 1 0 0 0 1 0 0 1 0 0 1 0 0 0 1 0 0 2 1 0 0 0 0 0 0 2 0 0.27417 0.270606
3 0 0 0 0 0 0 0 0 0 0 0 1 0 1 0 1 1 1 1 0 0 0 0 0 0 0 1 0 0 0 0 1 0 0 0 0 1 0 1 0 0 0 0 0 0 0 0 0 1 1 0 0 0 1 0 0 0 0 1 1 0 0 0 0 0 1 0 0 0 0 0 0 1 0 0 0 0 0 1 0 0 0 1 0 0 1 0 0 1 0 0 0 0 0 1 1 0 0 1 0 0 1 1 1 0 1 0 1 1 0 1 0 1 0 0 0 0 0 0 0 0 0 0 1 0 2 0 0 0 2 1 0 1 0 1 0 0 1 0 2 0 0 0 0 1 0 0 0 0 0 1 1 0 0 1 0 1 0 0 0 0 0 0 0 0 0 0 1 1 1 0 1 0 0 0 0 0 0 0 1 0 1 0 0 0 0 1 0 0 0 1 0 0 2 0 0 1 0 0 1 1 0 0 2 1 0 2 0 2 0 0 2 0 0.0565116 0.347834
4 0 0 0 0 0 0 0 0 0 0 0 0 0 0 0 0 1 1 0 0 0 0 0 0 0 0 1 0 0 0 0 0 0 0 0 0 0 0 0 0 0 0 0 0 0 0 0 0 0 1 0 0 0 0 0 0 0 0 0 0 0 0 0 0 0 1 0 0 0 0 1 0 0 0 1 0 0 0 0 0 0 0 0 0 0 0 0 0 0 0 0 0 1 0 1 0 0 0 0 0 0 0 0 0 0 0 0 1 1 0 0 0 0 0 0 0 0 0 0 0 0 0 0 0 1 0 0 0 0 0 0 0 1 0 0 0 0 0 0 1 0 1 0 1 0 0 0 0 0 0 0 0 0 0 0 1 0 1 0 0 0 0 1 0 0 0 0 0 0 0 0 0 0 0 0 1 0 2 0 1 0 0 0 0 2 0 1 1 0 0 0 0 0 1 0 0 0 0 0 0 0 0 0 2 2 0 0 1 1 0 1 1 0 0.174826 0
5 0 0 0 0 0 0 0 0 0 0 0 0 0 0 0 0 1 1 0 0 0 0 0 0 0 0 1 0 0 0 0 0 0 0 0 0 0 0 0 0 0 0 0 0 0 0 0 0 0 1 0 0 0 0 0 0 0 0 0 0 0 1 0 0 0 1 0 0 0 0 1 0 0 0 1 0 0 0 1 0 0 0 0 0 0 0 0 0 0 0 0 0 1 0 1 0 0 0 0 0 0 0 0 0 0 0 0 1 1 0 1 0 0 0 0 0 0 0 0 0 0 0 0 0 1 0 0 0 0 0 0 0 1 0 0 0 0 0 0 1 0 1 0 1 0 0 0 0 0 0 0 0 0 0 0 1 1 1 0 0 0 0 1 0 0 0 0 0 0 0 0 0 0 0 0 1 0 2 0 1 0 0 0 0 2 0 1 1 0 0 0 0 0 1 0 0 0 0 0 0 0 0 0 2 2 0 0 0 0 0 1 1 0 0 0.076519
6 0 0 0 0 0 0 0 0 0 0 0 0 0 0 0 0 1 1 0 0 0 0 0 0 0 0 1 0 0 0 0 0 0 0 0 0 0 0 0 0 0 0 0 0 0 0 0 0 0 1 0 0 0 0 0 0 0 0 0 0 0 1 0 0 0 1 0 0 0 0 1 0 0 0 1 0 0 0 1 0 0 0 0 0 0 0 0 0 0 0 0 0 1 0 1 0 0 0 0 0 0 0 0 0 0 0 0 1 1 0 0 0 0 0 0 0 0 0 0 0 0 0 0 0 1 0 0 0 0 0 0 0 1 0 0 0 0 0 0 1 0 1 0 1 0 0 0 0 0 0 0 0 0 0 0 1 0 1 0 0 0 0 1 0 0 0 0 0 0 0 0 0 0 0 0 1 0 2 0 1 0 0 0 0 2 0 1 1 0 0 0 0 0 1 0 0 0 0 0 0 0 0 0 2 2 0 0 2 0 0 1 1 0 0.304391 0
7 1 0 1 0 0 0 0 0 0 0 0 0 0 0 0 0 0 0 0 0 0 0 0 0 0 0 0 0 0 0 0 0 0 0 0 0 0 0 0 0 0 0 0 0 0 0 0 0 0 0 0 0 0 0 0 0 0 0 0 0 0 0 0 0 0 0 0 0 0 0 0 0 0 0 0 0 0 0 0 0 0 0 0 0 0 0 0 0 0 0 0 0 0 0 0 0 0 0 0 0 0 0 0 0 0 0 0 0 0 0 0 0 0 0 0 0 0 0 0 0 0 0 0 0 0 0 0 0 0 0 0 0 0 0 0 0 0 0 0 0 0 0 0 0 0 0 0 0 0 0 0 0 0 0 0 0 0 0 0 0 0 0 0 0 0 0 0 0 0 0 0 0 0 0 0 0 0 0 0 0 0 0 0 0 0 0 0 0 0 0 0 0 0 0 0 0 0 0 0 0 0 0 0 0 0 0 0 0 0 0 0 0 0 0.190101 0.226096
0 3
1 5
1 2
2 0
5 6
6 4
7 1
5 # mutation clusters
0 1 4 5 7 13 14 23 29 36 46 47 53 62 74 75 76 81 83 90 91
1 0 2 6 8 9 15 22 26 27 28 31 33 35 37 45 48 51 64 65 66 79 82 85 87 93 95 97 98
2 0 0 10 12 20 34 41 50 55 56 61 68 69 78 92 96 99
3 4 21 38 40 52 54 58 59 67 71 72 84 89
4 0 1 3 11 16 17 18 19 24 25 30 32 39 42 43 44 49 57 60 63 70 73 77 80 86 88 94
10 # segments
0 12 15 23 28 46 91
1 1 17 21 32 41 42 63 65 89
2 5 10 13 19 35 40 48 49 52 56 57 72
3 4 6 30 37 43 54 59 61 80 84 88 97
4 7 9 53 55 60 66 73 77 99
5 3 22 26 36 45 58 75 78 90 92
6 0 2 11 20 24 25 29 34 39 44 51 62 67 68 70 85 86 93 96
7 18 27 33 47 64 79 87
8 8 16 74 81 82 95
9 14 31 38 50 69 71 76 83 94 98
