100 #CNA trees
3 # nodes
0 (1,1) 1 1
1 (2,1) 2 1
2 (2,0) 2 0
1 2
0 1
3 # nodes
0 (1,1) 1 1
1 (2,2) 2 2
2 (2,1) 2 1
0 1
1 2
3 # nodes
0 (1,1) 1 1
1 (2,2) 2 2
2 (1,0) 1 0
1 2
0 1
3 # nodes
0 (1,1) 1 1
1 (1,2) 1 2
2 (0,1) 0 1
1 2
0 1
3 # nodes
0 (1,1) 1 1
1 (2,0) 2 0
2 (1,0) 1 0
2 1
0 2
3 # nodes
0 (1,1) 1 1
1 (0,1) 0 1
2 (1,2) 1 2
0 1
0 2
3 # nodes
0 (1,1) 1 1
1 (1,2) 1 2
2 (0,2) 0 2
0 1
1 2
3 # nodes
0 (1,1) 1 1
1 (0,0) 0 0
2 (2,2) 2 2
0 1
0 2
3 # nodes
0 (1,1) 1 1
1 (0,2) 0 2
2 (1,0) 1 0
0 2
0 1
3 # nodes
0 (1,1) 1 1
1 (0,1) 0 1
2 (0,2) 0 2
0 2
0 1
3 # nodes
0 (1,1) 1 1
1 (0,1) 0 1
2 (2,0) 2 0
0 2
0 1
3 # nodes
0 (1,1) 1 1
1 (0,0) 0 0
2 (0,2) 0 2
0 2
2 1
3 # nodes
0 (1,1) 1 1
1 (2,1) 2 1
2 (2,2) 2 2
1 2
0 1
3 # nodes
0 (1,1) 1 1
1 (2,1) 2 1
2 (1,2) 1 2
1 2
0 1
3 # nodes
0 (1,1) 1 1
1 (0,0) 0 0
2 (1,0) 1 0
0 2
2 1
2 # nodes
0 (1,1) 1 1
1 (2,1) 2 1
0 1
3 # nodes
0 (1,1) 1 1
1 (2,2) 2 2
2 (0,2) 0 2
0 1
1 2
3 # nodes
0 (1,1) 1 1
1 (1,0) 1 0
2 (2,2) 2 2
0 1
0 2
3 # nodes
0 (1,1) 1 1
1 (2,0) 2 0
2 (2,2) 2 2
0 1
0 2
3 # nodes
0 (1,1) 1 1
1 (0,0) 0 0
2 (1,2) 1 2
0 1
0 2
3 # nodes
0 (1,1) 1 1
1 (2,2) 2 2
2 (1,0) 1 0
0 1
1 2
3 # nodes
0 (1,1) 1 1
1 (2,2) 2 2
2 (2,0) 2 0
0 1
1 2
3 # nodes
0 (1,1) 1 1
1 (1,2) 1 2
2 (2,0) 2 0
0 1
1 2
3 # nodes
0 (1,1) 1 1
1 (0,1) 0 1
2 (1,2) 1 2
0 1
0 2
3 # nodes
0 (1,1) 1 1
1 (1,2) 1 2
2 (2,0) 2 0
0 1
1 2
3 # nodes
0 (1,1) 1 1
1 (0,0) 0 0
2 (2,2) 2 2
0 1
0 2
3 # nodes
0 (1,1) 1 1
1 (1,2) 1 2
2 (0,2) 0 2
0 1
1 2
3 # nodes
0 (1,1) 1 1
1 (1,2) 1 2
2 (2,2) 2 2
0 1
0 2
3 # nodes
0 (1,1) 1 1
1 (0,0) 0 0
2 (0,1) 0 1
0 1
0 2
3 # nodes
0 (1,1) 1 1
1 (0,1) 0 1
2 (1,0) 1 0
0 1
0 2
3 # nodes
0 (1,1) 1 1
1 (1,2) 1 2
2 (2,1) 2 1
0 1
1 2
3 # nodes
0 (1,1) 1 1
1 (2,0) 2 0
2 (2,1) 2 1
0 1
0 2
3 # nodes
0 (1,1) 1 1
1 (1,2) 1 2
2 (0,0) 0 0
1 2
0 1
3 # nodes
0 (1,1) 1 1
1 (2,2) 2 2
2 (2,1) 2 1
1 2
0 1
3 # nodes
0 (1,1) 1 1
1 (2,2) 2 2
2 (0,2) 0 2
1 2
0 1
3 # nodes
0 (1,1) 1 1
1 (0,0) 0 0
2 (0,1) 0 1
0 2
0 1
3 # nodes
0 (1,1) 1 1
1 (2,2) 2 2
2 (1,2) 1 2
1 2
0 1
3 # nodes
0 (1,1) 1 1
1 (1,0) 1 0
2 (2,2) 2 2
0 2
0 1
3 # nodes
0 (1,1) 1 1
1 (1,0) 1 0
2 (1,2) 1 2
0 2
0 1
2 # nodes
0 (1,1) 1 1
1 (1,0) 1 0
0 1
2 # nodes
0 (1,1) 1 1
1 (0,2) 0 2
0 1
3 # nodes
0 (1,1) 1 1
1 (0,2) 0 2
2 (0,1) 0 1
0 2
2 1
3 # nodes
0 (1,1) 1 1
1 (0,2) 0 2
2 (2,1) 2 1
0 2
0 1
3 # nodes
0 (1,1) 1 1
1 (2,1) 2 1
2 (1,2) 1 2
1 2
0 1
3 # nodes
0 (1,1) 1 1
1 (2,1) 2 1
2 (0,0) 0 0
1 2
0 1
3 # nodes
0 (1,1) 1 1
1 (2,1) 2 1
2 (0,2) 0 2
1 2
0 1
3 # nodes
0 (1,1) 1 1
1 (2,2) 2 2
2 (0,0) 0 0
1 2
0 1
3 # nodes
0 (1,1) 1 1
1 (0,2) 0 2
2 (2,0) 2 0
0 2
0 1
3 # nodes
0 (1,1) 1 1
1 (1,2) 1 2
2 (2,0) 2 0
1 2
0 1
3 # nodes
0 (1,1) 1 1
1 (0,2) 0 2
2 (2,2) 2 2
0 2
0 1
3 # nodes
0 (1,1) 1 1
1 (1,2) 1 2
2 (2,0) 2 0
0 2
0 1
3 # nodes
0 (1,1) 1 1
1 (2,1) 2 1
2 (1,2) 1 2
1 2
0 1
3 # nodes
0 (1,1) 1 1
1 (0,2) 0 2
2 (1,2) 1 2
0 2
0 1
3 # nodes
0 (1,1) 1 1
1 (0,2) 0 2
2 (1,0) 1 0
0 2
0 1
3 # nodes
0 (1,1) 1 1
1 (1,0) 1 0
2 (2,1) 2 1
0 2
0 1
3 # nodes
0 (1,1) 1 1
1 (1,2) 1 2
2 (2,0) 2 0
1 2
0 1
3 # nodes
0 (1,1) 1 1
1 (0,0) 0 0
2 (2,0) 2 0
0 2
0 1
3 # nodes
0 (1,1) 1 1
1 (1,2) 1 2
2 (2,0) 2 0
0 2
0 1
2 # nodes
0 (1,1) 1 1
1 (0,2) 0 2
0 1
3 # nodes
0 (1,1) 1 1
1 (1,2) 1 2
2 (2,0) 2 0
1 2
0 1
3 # nodes
0 (1,1) 1 1
1 (1,2) 1 2
2 (2,0) 2 0
0 2
0 1
3 # nodes
0 (1,1) 1 1
1 (2,1) 2 1
2 (1,0) 1 0
1 2
0 1
3 # nodes
0 (1,1) 1 1
1 (0,2) 0 2
2 (1,2) 1 2
0 2
0 1
3 # nodes
0 (1,1) 1 1
1 (1,2) 1 2
2 (2,0) 2 0
1 2
0 1
3 # nodes
0 (1,1) 1 1
1 (2,2) 2 2
2 (0,2) 0 2
0 1
1 2
3 # nodes
0 (1,1) 1 1
1 (1,2) 1 2
2 (2,2) 2 2
0 1
0 2
3 # nodes
0 (1,1) 1 1
1 (2,2) 2 2
2 (0,1) 0 1
0 1
1 2
3 # nodes
0 (1,1) 1 1
1 (0,0) 0 0
2 (2,1) 2 1
0 1
0 2
3 # nodes
0 (1,1) 1 1
1 (0,0) 0 0
2 (2,0) 2 0
0 1
0 2
3 # nodes
0 (1,1) 1 1
1 (0,2) 0 2
2 (0,1) 0 1
2 1
0 2
3 # nodes
0 (1,1) 1 1
1 (0,0) 0 0
2 (1,0) 1 0
2 1
0 2
2 # nodes
0 (1,1) 1 1
1 (1,2) 1 2
0 1
3 # nodes
0 (1,1) 1 1
1 (2,2) 2 2
2 (2,0) 2 0
0 1
1 2
3 # nodes
0 (1,1) 1 1
1 (0,2) 0 2
2 (0,1) 0 1
2 1
0 2
3 # nodes
0 (1,1) 1 1
1 (2,2) 2 2
2 (0,2) 0 2
0 1
1 2
3 # nodes
0 (1,1) 1 1
1 (1,2) 1 2
2 (2,1) 2 1
0 1
1 2
2 # nodes
0 (1,1) 1 1
1 (1,0) 1 0
0 1
2 # nodes
0 (1,1) 1 1
1 (2,0) 2 0
0 1
3 # nodes
0 (1,1) 1 1
1 (1,2) 1 2
2 (2,1) 2 1
0 1
0 2
3 # nodes
0 (1,1) 1 1
1 (0,0) 0 0
2 (0,1) 0 1
2 1
0 2
3 # nodes
0 (1,1) 1 1
1 (0,0) 0 0
2 (0,2) 0 2
0 1
0 2
2 # nodes
0 (1,1) 1 1
1 (1,0) 1 0
0 1
3 # nodes
0 (1,1) 1 1
1 (0,1) 0 1
2 (1,2) 1 2
0 1
0 2
3 # nodes
0 (1,1) 1 1
1 (0,1) 0 1
2 (0,2) 0 2
0 1
0 2
3 # nodes
0 (1,1) 1 1
1 (1,2) 1 2
2 (0,2) 0 2
0 1
1 2
3 # nodes
0 (1,1) 1 1
1 (1,2) 1 2
2 (0,0) 0 0
0 1
1 2
3 # nodes
0 (1,1) 1 1
1 (2,2) 2 2
2 (0,2) 0 2
0 1
1 2
3 # nodes
0 (1,1) 1 1
1 (0,2) 0 2
2 (2,1) 2 1
0 1
0 2
3 # nodes
0 (1,1) 1 1
1 (0,2) 0 2
2 (1,2) 1 2
0 1
0 2
3 # nodes
0 (1,1) 1 1
1 (0,1) 0 1
2 (0,2) 0 2
2 1
0 2
3 # nodes
0 (1,1) 1 1
1 (1,0) 1 0
2 (2,2) 2 2
0 1
0 2
3 # nodes
0 (1,1) 1 1
1 (0,1) 0 1
2 (1,2) 1 2
0 1
0 2
3 # nodes
0 (1,1) 1 1
1 (0,1) 0 1
2 (2,2) 2 2
0 1
0 2
3 # nodes
0 (1,1) 1 1
1 (2,1) 2 1
2 (0,0) 0 0
0 1
1 2
3 # nodes
0 (1,1) 1 1
1 (1,0) 1 0
2 (1,2) 1 2
0 1
0 2
3 # nodes
0 (1,1) 1 1
1 (0,0) 0 0
2 (2,0) 2 0
0 1
0 2
3 # nodes
0 (1,1) 1 1
1 (1,2) 1 2
2 (2,1) 2 1
0 1
0 2
3 # nodes
0 (1,1) 1 1
1 (0,0) 0 0
2 (1,0) 1 0
2 1
0 2
3 # nodes
0 (1,1) 1 1
1 (1,2) 1 2
2 (2,2) 2 2
0 1
1 2
3 # nodes
0 (1,1) 1 1
1 (2,2) 2 2
2 (1,0) 1 0
0 1
1 2
9 # nodes
100 #mutations
2 #samples
0 0 0 0 1 0 0 0 0 0 1 0 0 0 0 0 0 0 0 0 0 0 1 0 0 1 0 1 0 0 0 0 0 0 1 0 0 0 0 0 1 0 0 1 0 0 0 0 0 1 0 0 0 0 1 0 0 1 0 0 0 0 0 1 0 0 0 0 0 0 0 0 0 0 0 0 0 1 0 0 0 0 0 1 0 0 0 1 1 0 0 1 0 0 0 1 0 0 0 0 1 0 0 0 0 0 0 0 0 1 0 0 0 0 1 0 1 0 0 0 0 0 0 0 0 0 0 0 0 1 0 0 0 0 0 0 0 0 0 1 0 0 2 0 1 0 0 0 1 0 0 1 0 0 0 1 0 0 0 0 0 1 0 0 1 0 0 0 1 1 1 0 1 0 0 0 0 0 0 0 0 0 1 0 1 1 0 0 0 0 1 0 0 0 0 0 1 0 0 0 0 0 0 0 1 0 0 0 0 0 0 0 0 0 0 0 0 0 2 0 0 0 0 0 0 0 0 0 1 0 0 1 2 1 0 1 0 0 0 0 0 0 2 0 1 0 2 0 0 0 0 0 0 0 2 0 0 1 1 0 2 0 0 1 0 0 0 1 0 2 0 0 0 2 0 0 0 0 0 0 1 0 2 0 0 1 0 2 0 1 0 2 0 0 0 0 0 0 1 1 0 1 0 0 0.0576985 0
1 0 0 0 0 0 0 1 1 0 2 0 1 0 0 0 0 1 0 0 0 1 2 0 0 0 0 0 0 0 0 0 1 0 0 0 1 1 0 0 1 0 0 0 0 0 1 0 0 0 0 0 0 1 0 0 0 1 1 0 0 0 1 0 0 0 0 0 0 0 0 0 0 0 0 0 0 0 0 0 0 0 0 1 0 0 1 0 1 1 0 1 0 0 1 1 0 0 0 0 0 0 1 0 0 0 0 0 0 0 0 0 0 0 0 0 0 0 0 0 0 0 0 0 1 0 0 0 0 1 0 1 0 0 0 1 0 0 0 0 0 0 1 0 0 0 0 0 1 0 0 0 1 0 0 0 0 0 0 0 1 1 0 0 1 0 0 1 1 0 1 0 1 0 0 0 0 0 0 1 0 0 0 0 0 0 0 0 0 0 0 0 0 0 0 0 0 1 0 0 0 0 0 0 1 0 0 0 0 0 0 0 0 0 0 0 0 0 2 0 0 0 0 0 0 0 0 0 0 0 0 0 0 0 0 0 0 0 0 0 0 0 0 0 0 0 0 0 1 0 0 0 0 0 0 2 2 2 2 0 0 0 0 0 0 0 0 1 0 0 0 0 0 2 0 0 0 0 0 0 1 0 2 0 0 1 0 2 0 1 0 2 0 0 0 0 0 0 1 1 0 1 0 0 0.332591 0
2 0 0 0 0 0 0 0 0 0 1 0 0 0 0 0 0 0 0 0 0 0 1 0 0 0 0 0 0 0 0 0 0 0 0 0 0 0 0 0 1 0 0 0 0 0 0 0 0 0 0 0 0 1 0 0 0 1 0 0 0 0 0 0 0 0 0 0 0 0 0 0 0 0 0 0 0 0 0 0 0 0 0 1 0 0 0 0 1 0 0 1 0 0 0 1 0 0 0 0 0 0 0 0 0 0 0 0 0 0 0 0 0 0 0 0 0 0 0 0 0 0 0 0 1 0 0 0 0 1 0 0 0 0 0 0 0 0 0 0 0 0 1 0 0 0 0 0 1 0 0 0 1 0 0 0 0 0 0 0 0 1 0 0 1 0 0 0 1 0 1 0 1 0 0 0 0 0 0 0 0 0 0 0 0 0 0 0 0 0 0 0 0 0 0 0 0 0 0 0 0 0 0 0 1 0 0 0 0 0 0 0 0 0 0 0 0 0 2 0 0 0 0 0 0 0 0 0 0 0 0 0 0 0 0 0 0 0 0 0 0 0 0 0 0 0 0 0 0 0 0 0 0 0 0 0 0 0 0 0 0 0 0 0 0 0 0 1 0 0 0 0 0 2 0 0 0 0 0 0 1 0 2 0 0 1 0 2 0 1 0 2 0 0 0 0 0 0 1 1 0 1 0 0 0 0
3 0 0 0 0 0 0 0 0 0 1 0 0 0 0 0 0 0 0 0 0 0 1 0 0 0 0 0 0 0 0 0 0 0 0 0 0 0 0 0 1 0 0 0 0 0 0 0 0 0 0 0 0 1 0 0 0 1 0 0 0 0 0 0 0 0 0 0 0 0 0 0 0 0 0 0 0 0 0 0 0 0 0 1 0 0 0 0 1 0 0 1 0 0 0 1 0 0 0 0 0 0 0 0 0 0 0 0 0 0 0 0 0 0 0 0 0 0 0 0 0 0 0 0 1 0 0 0 0 1 0 0 0 0 0 0 0 0 0 0 0 0 1 0 0 0 0 0 1 0 0 0 1 0 0 0 0 0 0 0 0 1 0 0 1 0 0 0 1 0 1 0 1 0 0 0 0 0 0 0 0 0 0 0 0 0 0 0 0 0 0 0 0 0 0 0 0 0 0 0 0 0 0 0 1 0 0 0 0 0 0 0 0 0 0 0 0 0 2 0 0 0 0 0 0 0 0 0 0 0 0 0 0 0 0 0 0 0 0 0 0 0 0 0 0 0 0 0 0 0 0 0 0 0 0 0 0 0 0 0 0 0 0 0 0 0 0 0 0 0 0 0 0 2 0 0 0 0 0 0 0 0 2 0 0 1 0 2 0 1 0 2 0 0 0 0 0 0 1 1 0 1 0 0 0 0
4 0 0 0 0 0 0 0 0 0 1 0 0 0 0 0 0 0 0 0 0 0 1 0 0 0 0 0 0 0 0 0 0 0 0 0 0 0 0 0 1 0 0 0 0 0 0 0 0 0 0 0 0 1 0 0 0 1 0 0 0 0 0 0 0 0 0 0 0 0 0 0 0 0 0 0 0 0 0 0 0 0 0 1 0 0 0 0 1 0 0 1 0 0 0 1 0 0 0 0 0 0 0 0 0 0 0 0 0 0 0 0 0 0 0 0 0 0 0 0 0 0 0 0 1 0 0 0 0 1 0 0 0 0 0 0 0 0 0 0 0 0 1 0 0 0 0 0 1 0 0 0 1 0 0 0 0 0 0 0 0 1 0 0 1 0 0 0 1 0 1 0 1 0 0 0 0 0 0 0 0 0 0 0 0 0 0 0 0 0 0 0 0 0 0 0 0 0 0 0 0 0 0 0 1 0 0 0 0 0 0 0 0 0 0 0 0 0 2 0 0 0 0 0 0 0 0 0 0 0 0 0 0 0 0 0 0 0 0 0 0 0 0 0 0 0 0 0 0 0 0 0 0 0 0 0 0 0 0 0 0 0 0 0 0 0 0 0 0 0 0 0 0 2 0 0 0 0 0 0 0 0 0 0 0 1 0 0 0 0 0 0 0 0 2 0 0 0 2 0 0 0 0 0 0.181546 0
5 0 1 0 0 0 0 0 0 0 1 0 0 0 0 0 0 0 0 0 0 0 1 0 0 0 0 0 0 0 0 0 0 0 0 0 0 0 0 0 1 0 0 0 0 0 0 0 0 0 0 0 0 1 0 0 0 1 0 0 0 0 0 0 0 0 0 0 0 0 0 0 0 0 0 0 0 0 0 0 0 0 0 1 0 0 0 0 1 0 0 1 0 0 0 1 0 0 0 0 0 0 0 0 0 0 0 0 0 0 0 0 0 0 0 0 0 0 0 0 0 0 0 0 1 0 0 0 0 1 0 0 0 0 0 0 0 0 0 0 0 0 1 0 0 0 0 0 1 0 0 0 1 0 0 0 0 0 0 0 0 1 0 0 1 0 0 0 1 0 1 0 1 0 0 0 0 0 0 0 0 0 0 0 0 0 0 0 0 0 0 0 0 0 0 0 0 0 0 0 0 0 0 0 1 0 0 0 0 0 0 0 0 0 0 0 0 0 2 0 0 0 0 0 0 0 0 0 0 0 0 0 0 0 0 0 0 0 0 0 0 0 0 0 0 0 0 0 0 0 0 0 0 0 0 0 0 0 0 0 0 0 0 0 0 0 0 0 0 0 0 0 0 2 0 0 0 0 0 0 0 0 0 0 0 1 0 0 0 0 0 0 0 0 0 0 0 0 0 0 0 0 0 0 0 0
6 0 0 0 0 0 0 0 0 0 1 0 0 0 0 0 0 0 0 0 0 0 1 0 0 0 0 0 0 0 0 0 0 0 0 0 0 0 0 0 1 0 0 0 0 0 0 0 0 0 0 0 0 1 0 0 0 1 0 0 0 0 0 0 0 0 0 0 0 0 0 0 0 0 0 0 0 0 0 0 0 0 0 1 0 0 0 0 1 0 0 1 0 0 0 1 0 0 0 0 0 0 0 0 0 0 0 0 0 0 0 0 0 0 0 0 0 0 0 0 0 0 0 0 1 0 0 0 0 1 0 0 0 0 0 0 0 0 0 0 0 0 1 0 0 0 0 0 1 0 0 0 1 0 0 0 0 0 0 0 0 1 0 0 1 0 0 0 1 0 1 0 1 0 0 0 0 0 0 0 0 0 0 0 0 0 0 0 0 0 0 0 0 0 0 0 0 0 0 0 0 0 0 0 1 0 0 0 0 0 0 0 0 0 0 0 0 0 2 0 0 0 0 0 0 0 0 0 0 0 0 0 0 0 0 0 0 0 0 0 0 0 0 0 0 0 0 0 0 0 0 0 0 0 0 0 0 0 0 0 0 0 0 0 0 0 0 0 0 0 0 0 0 2 0 0 0 0 0 0 0 0 0 0 0 1 0 2 0 1 0 2 0 0 0 0 0 0 1 1 0 1 0 0 0 0.806582
7 0 0 0 0 0 0 0 0 0 1 0 0 0 0 0 0 0 1 1 1 0 1 0 0 0 0 0 1 0 0 0 0 0 0 0 0 0 0 0 1 0 0 0 0 0 0 0 0 0 0 0 0 1 0 0 0 1 0 0 0 0 0 0 0 1 0 0 0 0 0 0 0 1 0 0 0 0 0 0 0 0 0 1 0 0 0 0 1 0 0 1 0 0 0 1 0 0 0 0 0 0 0 1 0 1 1 0 0 0 0 0 0 0 0 0 0 0 0 0 0 0 0 1 1 0 0 0 0 1 0 0 0 1 0 0 0 0 0 0 0 1 1 0 0 1 0 1 1 0 0 0 1 0 0 0 0 0 0 0 0 1 0 0 1 0 0 0 1 0 1 0 1 0 1 0 0 0 1 0 0 0 0 0 0 0 0 0 0 0 0 0 1 0 0 0 0 0 0 1 0 0 0 0 1 0 0 0 0 0 0 0 0 0 0 0 0 0 2 0 0 0 0 0 0 0 0 0 0 0 0 0 0 0 0 0 0 0 0 0 0 0 0 0 0 0 0 0 0 0 0 0 0 0 0 0 0 0 0 0 0 0 0 0 0 0 0 0 2 0 0 0 0 2 2 0 0 0 0 0 0 0 2 0 0 1 0 2 0 1 0 2 0 0 0 0 0 0 1 1 0 1 0 0 0.282678 0
8 1 0 1 0 0 0 0 0 0 0 0 0 0 0 0 0 0 0 0 0 0 0 0 0 0 0 0 0 0 0 0 0 0 0 0 0 0 0 0 0 0 0 0 0 0 0 0 0 0 0 0 0 0 0 0 0 0 0 0 0 0 0 0 0 0 0 0 0 0 0 0 0 0 0 0 0 0 0 0 0 0 0 0 0 0 0 0 0 0 0 0 0 0 0 0 0 0 0 0 0 0 0 0 0 0 0 0 0 0 0 0 0 0 0 0 0 0 0 0 0 0 0 0 0 0 0 0 0 0 0 0 0 0 0 0 0 0 0 0 0 0 0 0 0 0 0 0 0 0 0 0 0 0 0 0 0 0 0 0 0 0 0 0 0 0 0 0 0 0 0 0 0 0 0 0 0 0 0 0 0 0 0 0 0 0 0 0 0 0 0 0 0 0 0 0 0 0 0 0 0 0 0 0 0 0 0 0 0 0 0 0 0 0 0 0 0 0 0 0 0 0 0 0 0 0 0 0 0 0 0 0 0 0 0 0 0 0 0 0 0 0 0 0 0 0 0 0 0 0 0 0 0 0 0 0 0 0 0 0 0 0 0 0 0 0 0 0 0 0 0 0 0 0 0 0 0 0 0 0 0 0 0 0 0 0 0 0 0 0 0 0 0 0 0 0 0 0 0 0 0 0 0 0 0.145487 0.193418
2 0
2 1
3 7
3 2
5 6
5 4
6 3
8 5
5 # mutation clusters
0 5 6 18 20 25 36 38 44 48 49 53 57 60 64 66 68 79 84 87 91
1 0 0 5 10 12 21 23 30 35 39 40 45 47 50 51 59 65 73 78 80 81 83 86 92 96
2 0 3 4 8 13 17 27 28 31 32 33 42 54 56 58 63 75 82 85 90 93 98
3 0 1 2 14 15 16 19 24 29 37 41 43 61 69 70 74 88 95 99
4 0 7 9 11 22 26 34 46 52 55 62 67 71 72 76 77 89 94 97
100 # segments
0
1 53
2 26 74 99
3
4
5 4
6
7 55 75
8 15
9 29 97
10
11 46
12
13
14 14
15 9 56
16 90
17 39
18 13 77
19
20
21
22
23 42 59
24 38
25
26 63
27 19 31
28
29 47
30
31 20 48
32
33 32
34 57 61 64
35
36 91
37 25 72
38 2 43
39 78
40 8 49
41 51
42 12
43 1 30
44 6 34
45 22
46
47
48 58 68
49
50
51
52 62
53
54 3 18 69
55 28 87 95
56
57
58
59
60 33 44 66
61
62 5
63
64
65
66 0
67
68 27 52 67 83
69
70
71 89
72 41 81
73 70
74 45
75 40
76 71 96
77 37 76 79
78
79 11 82
80 17
81 54
82 35
83 80
84 10 84 93
85 7 86
86 88 98
87
88 36 50
89
90
91 21 60
92 65 94
93 24 85 92
94 73
95
96
97
98
99 16 23
