5 #CNA trees
3 # nodes
0 (1,1) 1 1
1 (2,2) 2 2
2 (2,1) 2 1
1 2
0 1
3 # nodes
0 (1,1) 1 1
1 (2,1) 2 1
2 (1,2) 1 2
0 1
1 2
3 # nodes
0 (1,1) 1 1
1 (1,2) 1 2
2 (2,2) 2 2
1 2
0 1
2 # nodes
0 (1,1) 1 1
1 (0,1) 0 1
0 1
2 # nodes
0 (1,1) 1 1
1 (1,2) 1 2
0 1
5 # nodes
20 #mutations
2 #samples
0 0 1 0 0 0 0 0 0 0 0 0 0 0 0 0 0 0 0 0 0 0 0 0 0 1 1 0 0 1 1 0 0 0 0 0 1 1 1 1 1 1 0 0 1 1 0 0 1 0 0
1 0 0 0 0 0 0 0 0 0 0 0 0 0 0 0 0 0 0 0 0 0 0 0 0 2 2 1 1 1 2 1 1 1 1 1 2 1 1 1 2 2 1 1 1 2 2 0 1 0.702598 0.321797
2 0 0 0 0 0 0 0 0 0 0 0 0 0 0 0 0 0 0 0 0 0 0 0 0 1 1 0 0 1 1 0 0 0 0 0 1 1 1 0 1 1 0 0 2 1 0 0 1 0.112474 0.234885
3 0 0 0 0 0 0 0 0 0 0 0 0 0 0 0 0 0 0 0 0 0 0 0 1 1 1 0 0 1 1 0 0 0 0 0 1 1 1 0 1 1 0 0 2 1 0 1 1 0.0575446 0.274929
4 1 0 1 0 0 0 0 0 0 0 0 0 0 0 0 0 0 0 0 0 0 0 0 0 0 0 0 0 0 0 0 0 0 0 0 0 0 0 0 0 0 0 0 0 0 0 0 0 0.127383 0.168388
0 1
0 2
2 3
4 0
5 # mutation clusters
0 0 1 2 5 6 12 13 14 15 16 17
1 1 3 4 7 8 9 11 19
2 2
3 3 0
4 1 10 18
5 # segments
0 0 5 10 15
1 1 6 11 16
2 2 7 12 17
3 3 8 13 18
4 4 9 14 19
