100 #CNA trees
3 # nodes
0 (1,1) 1 1
1 (0,1) 0 1
2 (0,2) 0 2
0 2
2 1
3 # nodes
0 (1,1) 1 1
1 (2,2) 2 2
2 (2,0) 2 0
0 1
1 2
2 # nodes
0 (1,1) 1 1
1 (1,0) 1 0
0 1
3 # nodes
0 (1,1) 1 1
1 (2,2) 2 2
2 (2,0) 2 0
1 2
0 1
3 # nodes
0 (1,1) 1 1
1 (2,2) 2 2
2 (1,2) 1 2
0 1
1 2
3 # nodes
0 (1,1) 1 1
1 (2,1) 2 1
2 (1,0) 1 0
0 1
1 2
3 # nodes
0 (1,1) 1 1
1 (1,0) 1 0
2 (2,1) 2 1
0 1
0 2
3 # nodes
0 (1,1) 1 1
1 (0,1) 0 1
2 (0,2) 0 2
0 1
0 2
3 # nodes
0 (1,1) 1 1
1 (0,1) 0 1
2 (0,2) 0 2
0 2
0 1
3 # nodes
0 (1,1) 1 1
1 (0,1) 0 1
2 (1,2) 1 2
0 2
0 1
3 # nodes
0 (1,1) 1 1
1 (2,1) 2 1
2 (2,2) 2 2
1 2
0 1
2 # nodes
0 (1,1) 1 1
1 (1,2) 1 2
0 1
3 # nodes
0 (1,1) 1 1
1 (2,0) 2 0
2 (2,1) 2 1
0 2
0 1
3 # nodes
0 (1,1) 1 1
1 (0,1) 0 1
2 (2,0) 2 0
0 2
0 1
3 # nodes
0 (1,1) 1 1
1 (2,2) 2 2
2 (2,0) 2 0
1 2
0 1
3 # nodes
0 (1,1) 1 1
1 (0,2) 0 2
2 (2,0) 2 0
0 2
0 1
3 # nodes
0 (1,1) 1 1
1 (1,2) 1 2
2 (2,1) 2 1
0 1
0 2
2 # nodes
0 (1,1) 1 1
1 (2,0) 2 0
0 1
3 # nodes
0 (1,1) 1 1
1 (1,0) 1 0
2 (1,2) 1 2
0 1
0 2
3 # nodes
0 (1,1) 1 1
1 (0,2) 0 2
2 (1,2) 1 2
0 1
0 2
3 # nodes
0 (1,1) 1 1
1 (2,2) 2 2
2 (1,0) 1 0
0 1
1 2
3 # nodes
0 (1,1) 1 1
1 (0,2) 0 2
2 (0,1) 0 1
2 1
0 2
3 # nodes
0 (1,1) 1 1
1 (2,0) 2 0
2 (2,1) 2 1
0 1
0 2
3 # nodes
0 (1,1) 1 1
1 (1,2) 1 2
2 (2,1) 2 1
0 1
0 2
3 # nodes
0 (1,1) 1 1
1 (0,1) 0 1
2 (2,0) 2 0
0 1
0 2
3 # nodes
0 (1,1) 1 1
1 (1,2) 1 2
2 (2,1) 2 1
0 1
1 2
3 # nodes
0 (1,1) 1 1
1 (2,1) 2 1
2 (2,2) 2 2
0 1
1 2
3 # nodes
0 (1,1) 1 1
1 (0,1) 0 1
2 (0,2) 0 2
2 1
0 2
3 # nodes
0 (1,1) 1 1
1 (2,2) 2 2
2 (0,1) 0 1
0 1
1 2
3 # nodes
0 (1,1) 1 1
1 (1,2) 1 2
2 (2,1) 2 1
0 1
0 2
3 # nodes
0 (1,1) 1 1
1 (0,2) 0 2
2 (2,1) 2 1
0 1
0 2
3 # nodes
0 (1,1) 1 1
1 (0,2) 0 2
2 (2,1) 2 1
0 1
0 2
3 # nodes
0 (1,1) 1 1
1 (2,2) 2 2
2 (0,2) 0 2
1 2
0 1
2 # nodes
0 (1,1) 1 1
1 (2,2) 2 2
0 1
2 # nodes
0 (1,1) 1 1
1 (2,1) 2 1
0 1
3 # nodes
0 (1,1) 1 1
1 (1,2) 1 2
2 (0,2) 0 2
1 2
0 1
2 # nodes
0 (1,1) 1 1
1 (2,0) 2 0
0 1
3 # nodes
0 (1,1) 1 1
1 (1,2) 1 2
2 (2,0) 2 0
0 2
0 1
3 # nodes
0 (1,1) 1 1
1 (0,2) 0 2
2 (0,1) 0 1
0 2
2 1
3 # nodes
0 (1,1) 1 1
1 (2,1) 2 1
2 (1,2) 1 2
1 2
0 1
3 # nodes
0 (1,1) 1 1
1 (1,2) 1 2
2 (2,2) 2 2
0 2
0 1
3 # nodes
0 (1,1) 1 1
1 (0,1) 0 1
2 (2,2) 2 2
0 2
0 1
3 # nodes
0 (1,1) 1 1
1 (1,2) 1 2
2 (2,1) 2 1
1 2
0 1
3 # nodes
0 (1,1) 1 1
1 (1,0) 1 0
2 (1,2) 1 2
0 2
0 1
3 # nodes
0 (1,1) 1 1
1 (1,2) 1 2
2 (2,2) 2 2
1 2
0 1
2 # nodes
0 (1,1) 1 1
1 (2,2) 2 2
0 1
3 # nodes
0 (1,1) 1 1
1 (2,2) 2 2
2 (0,1) 0 1
1 2
0 1
3 # nodes
0 (1,1) 1 1
1 (2,1) 2 1
2 (2,2) 2 2
0 2
0 1
3 # nodes
0 (1,1) 1 1
1 (2,0) 2 0
2 (1,0) 1 0
0 2
2 1
3 # nodes
0 (1,1) 1 1
1 (0,1) 0 1
2 (2,2) 2 2
0 2
0 1
3 # nodes
0 (1,1) 1 1
1 (0,2) 0 2
2 (2,1) 2 1
0 2
0 1
2 # nodes
0 (1,1) 1 1
1 (0,1) 0 1
0 1
3 # nodes
0 (1,1) 1 1
1 (2,0) 2 0
2 (2,2) 2 2
0 2
0 1
3 # nodes
0 (1,1) 1 1
1 (0,2) 0 2
2 (2,2) 2 2
0 2
0 1
3 # nodes
0 (1,1) 1 1
1 (1,2) 1 2
2 (2,0) 2 0
1 2
0 1
3 # nodes
0 (1,1) 1 1
1 (0,1) 0 1
2 (0,2) 0 2
0 2
2 1
3 # nodes
0 (1,1) 1 1
1 (0,1) 0 1
2 (0,2) 0 2
0 2
0 1
3 # nodes
0 (1,1) 1 1
1 (0,2) 0 2
2 (0,1) 0 1
0 2
2 1
3 # nodes
0 (1,1) 1 1
1 (0,2) 0 2
2 (2,1) 2 1
0 2
0 1
3 # nodes
0 (1,1) 1 1
1 (2,2) 2 2
2 (1,0) 1 0
1 2
0 1
3 # nodes
0 (1,1) 1 1
1 (0,1) 0 1
2 (2,0) 2 0
0 2
0 1
3 # nodes
0 (1,1) 1 1
1 (1,2) 1 2
2 (2,0) 2 0
1 2
0 1
2 # nodes
0 (1,1) 1 1
1 (2,2) 2 2
0 1
3 # nodes
0 (1,1) 1 1
1 (1,0) 1 0
2 (2,2) 2 2
0 2
0 1
3 # nodes
0 (1,1) 1 1
1 (2,1) 2 1
2 (0,2) 0 2
0 1
1 2
3 # nodes
0 (1,1) 1 1
1 (2,0) 2 0
2 (2,2) 2 2
0 1
0 2
2 # nodes
0 (1,1) 1 1
1 (1,0) 1 0
0 1
3 # nodes
0 (1,1) 1 1
1 (0,1) 0 1
2 (2,1) 2 1
0 1
0 2
3 # nodes
0 (1,1) 1 1
1 (2,0) 2 0
2 (1,0) 1 0
0 1
1 2
2 # nodes
0 (1,1) 1 1
1 (0,2) 0 2
0 1
3 # nodes
0 (1,1) 1 1
1 (0,2) 0 2
2 (2,2) 2 2
0 1
0 2
3 # nodes
0 (1,1) 1 1
1 (0,1) 0 1
2 (2,2) 2 2
0 1
0 2
3 # nodes
0 (1,1) 1 1
1 (0,1) 0 1
2 (1,2) 1 2
0 1
0 2
2 # nodes
0 (1,1) 1 1
1 (2,1) 2 1
0 1
3 # nodes
0 (1,1) 1 1
1 (2,0) 2 0
2 (2,1) 2 1
0 1
0 2
3 # nodes
0 (1,1) 1 1
1 (2,1) 2 1
2 (0,2) 0 2
0 1
1 2
2 # nodes
0 (1,1) 1 1
1 (2,2) 2 2
0 1
3 # nodes
0 (1,1) 1 1
1 (0,2) 0 2
2 (1,2) 1 2
0 1
0 2
3 # nodes
0 (1,1) 1 1
1 (2,2) 2 2
2 (2,0) 2 0
0 1
1 2
3 # nodes
0 (1,1) 1 1
1 (1,0) 1 0
2 (2,2) 2 2
0 1
0 2
3 # nodes
0 (1,1) 1 1
1 (2,0) 2 0
2 (2,1) 2 1
0 1
0 2
3 # nodes
0 (1,1) 1 1
1 (1,0) 1 0
2 (2,1) 2 1
0 1
0 2
2 # nodes
0 (1,1) 1 1
1 (1,0) 1 0
0 1
3 # nodes
0 (1,1) 1 1
1 (2,0) 2 0
2 (2,2) 2 2
0 1
0 2
3 # nodes
0 (1,1) 1 1
1 (0,2) 0 2
2 (2,1) 2 1
0 1
0 2
2 # nodes
0 (1,1) 1 1
1 (2,2) 2 2
0 1
3 # nodes
0 (1,1) 1 1
1 (2,0) 2 0
2 (1,0) 1 0
2 1
0 2
2 # nodes
0 (1,1) 1 1
1 (2,1) 2 1
0 1
2 # nodes
0 (1,1) 1 1
1 (2,2) 2 2
0 1
3 # nodes
0 (1,1) 1 1
1 (2,0) 2 0
2 (1,0) 1 0
2 1
0 2
3 # nodes
0 (1,1) 1 1
1 (1,2) 1 2
2 (2,0) 2 0
0 1
0 2
3 # nodes
0 (1,1) 1 1
1 (1,0) 1 0
2 (1,2) 1 2
0 1
0 2
3 # nodes
0 (1,1) 1 1
1 (2,1) 2 1
2 (1,0) 1 0
0 1
1 2
3 # nodes
0 (1,1) 1 1
1 (2,2) 2 2
2 (1,0) 1 0
0 1
1 2
3 # nodes
0 (1,1) 1 1
1 (2,0) 2 0
2 (2,1) 2 1
0 1
0 2
3 # nodes
0 (1,1) 1 1
1 (2,1) 2 1
2 (0,2) 0 2
0 1
1 2
3 # nodes
0 (1,1) 1 1
1 (0,1) 0 1
2 (2,0) 2 0
0 1
0 2
3 # nodes
0 (1,1) 1 1
1 (1,2) 1 2
2 (0,2) 0 2
0 1
1 2
2 # nodes
0 (1,1) 1 1
1 (0,1) 0 1
0 1
2 # nodes
0 (1,1) 1 1
1 (2,0) 2 0
0 1
11 # nodes
10 #mutations
2 #samples
0 1 0 1 0 0 0 0 0 0 0 0 0 0 0 0 0 0 0 0 0 0 0 0 0 0 0 0 0 0 0 0 0 0 0 0 0 0 0 0 0 0 0 0 0 0 0 0 0 0 0 0 0 0 0 0 0 0 0 0 0 0 0 0 0 0 0 0 0 0 0 0 0 0 0 0 0 0 0 0 0 0 0 0 0 0 0 0 0 0 0 0 0 0 0 0 0 0 0 0 0 0 0 0 0 0 0 0 0 0 0 0 0 0 0 0 0 0 0 0 0 0 0 0 0.181754 0.14537
1 0 0 0 0 0 0 0 0 0 0 0 1 0 0 0 0 0 0 0 0 0 0 0 2 1 0 0 0 0 0 0 0 0 0 0 0 0 0 0 0 0 0 0 0 0 0 0 0 0 0 0 0 1 1 1 0 0 0 0 0 0 0 0 0 2 0 0 0 0 0 0 0 0 0 0 2 2 0 0 2 0 2 0 0 0 1 0 0 2 1 1 1 0 0 1 0 0 0 0 0 0 0 0 0 0 0 0 0 0 0 0 0 0 0 1 0 2 2 0 0 2 0 1 0.088909 0.444392
2 0 0 0 0 0 0 0 0 0 0 0 0 0 0 0 0 0 0 0 0 0 0 0 2 1 0 0 0 0 0 0 0 0 0 0 0 0 0 0 0 0 0 0 0 0 0 0 0 0 0 0 0 0 0 0 0 0 0 0 0 0 0 0 0 0 0 0 0 0 0 0 0 0 0 0 2 2 0 0 2 0 2 0 0 0 1 0 0 2 1 1 1 0 0 1 0 0 0 0 0 0 0 0 0 0 0 0 0 0 0 0 0 0 0 1 0 2 2 0 0 2 0 1 0 0
3 0 1 0 0 0 0 0 0 0 0 0 0 0 0 0 0 0 0 0 0 0 0 0 2 1 0 0 0 0 0 0 0 0 0 0 0 0 0 0 0 0 0 0 0 0 0 0 0 0 0 0 0 0 0 0 0 0 0 0 0 0 0 0 0 0 0 0 0 0 0 0 0 0 0 0 0 0 0 0 0 0 0 0 0 0 0 0 0 0 0 0 1 0 0 0 0 0 0 0 0 0 0 0 0 0 0 0 0 0 0 0 0 0 0 1 0 2 2 0 0 2 0 1 0 0
4 0 0 0 0 0 0 0 0 0 0 0 0 0 0 0 0 0 0 0 0 0 0 0 2 1 0 0 0 0 0 0 0 0 0 0 0 0 0 0 0 0 0 0 0 0 0 0 0 0 0 0 0 0 0 0 0 0 0 0 0 0 0 0 0 0 0 0 0 0 0 0 0 0 0 0 0 0 0 0 0 0 0 0 0 0 0 0 0 0 0 0 1 0 0 0 0 0 0 0 0 0 0 0 0 0 1 0 0 0 0 0 0 2 0 1 0 2 2 0 0 2 0 1 0.300072 0
5 0 0 0 0 0 0 0 0 0 0 0 0 0 0 0 0 0 0 0 0 0 0 0 2 1 0 0 0 0 0 0 0 0 0 0 0 0 0 0 0 0 0 0 0 0 0 0 0 0 0 0 0 0 0 0 0 0 0 0 0 0 0 0 0 0 0 0 0 0 0 0 0 0 0 0 0 0 0 0 0 0 0 0 0 0 0 0 0 0 0 0 1 0 0 1 0 0 0 0 0 0 0 0 0 0 0 0 0 0 0 0 0 0 0 1 0 2 2 0 0 2 0 1 0 0
6 0 0 0 0 0 0 0 0 0 0 0 0 0 0 0 0 0 0 0 0 0 0 0 2 1 0 0 0 0 0 0 0 0 0 0 0 0 0 0 0 0 0 0 0 0 0 0 0 0 0 0 0 0 0 0 0 0 0 0 0 0 0 0 0 0 0 0 0 0 0 0 0 0 0 0 0 0 0 0 0 2 0 0 0 0 0 1 0 1 0 0 1 0 0 1 0 0 0 1 0 0 0 0 0 1 0 2 0 0 0 0 0 0 0 1 0 2 2 0 0 2 0 1 0 0.17792
7 0 0 0 0 0 0 0 0 0 0 0 0 0 0 0 0 0 0 0 0 0 0 0 2 1 0 0 0 0 0 0 0 0 0 0 0 0 0 0 0 0 0 0 0 0 0 0 0 0 0 0 0 0 0 1 0 0 0 0 0 0 0 0 0 0 0 0 0 0 0 0 0 0 0 0 2 2 0 0 2 0 2 0 0 0 1 0 0 2 1 1 1 0 0 1 0 0 0 0 0 0 0 0 0 0 0 0 0 0 0 0 0 0 0 1 0 2 2 0 0 2 0 1 0 0
8 0 0 0 0 0 0 0 0 0 0 1 0 0 1 1 0 1 0 1 0 0 0 0 2 1 0 0 0 0 0 0 0 0 0 0 0 0 0 0 0 0 0 0 0 0 0 0 0 0 0 0 2 0 0 1 0 0 0 1 0 0 0 0 0 0 0 2 0 0 0 0 0 0 0 0 2 2 0 0 2 0 2 0 0 0 1 0 0 2 1 1 1 0 0 1 0 0 0 0 0 0 0 0 0 0 0 0 0 0 0 0 0 0 0 1 0 2 2 0 0 2 0 1 0.378673 0
9 0 0 0 0 0 0 0 1 0 1 0 0 0 0 0 0 0 0 0 0 0 0 1 2 1 0 0 0 0 0 0 0 0 0 0 0 0 0 0 0 0 0 0 0 0 0 0 1 0 0 0 0 0 2 2 2 0 0 0 0 0 0 1 2 1 1 0 1 0 0 2 2 1 0 1 2 2 0 0 2 0 2 0 0 0 1 0 0 2 1 1 1 0 0 1 0 0 0 0 0 0 0 0 0 0 0 0 0 0 0 0 0 0 0 1 0 2 2 0 0 2 0 1 0 0.232318
10 0 0 0 0 0 0 0 1 0 1 0 0 0 0 0 0 0 0 0 0 0 0 0 2 1 0 0 0 0 0 0 0 0 0 0 0 0 0 0 0 0 0 0 0 0 0 0 1 0 0 0 0 0 0 0 1 0 0 0 0 0 0 1 2 1 1 0 1 0 0 2 2 1 0 1 2 2 0 0 2 0 2 0 0 0 1 0 0 2 1 1 1 0 0 1 0 0 0 0 0 0 0 0 0 0 0 0 0 0 0 0 0 0 0 1 0 2 2 0 0 2 0 1 0.0505923 0
0 3
2 10
2 7
3 4
3 5
5 2
5 6
7 8
7 1
10 9
5 # mutation clusters
0 3 2
1 10 4 6
2 1 8
3 8 0 1 3 5 7
4 9 9
100 # segments
0
1
2
3
4
5
6
7
8
9
10
11
12
13
14
15
16
17
18
19
20
21
22
23 7
24 5
25
26 3
27
28
29 6
30
31 0
32
33
34 8
35
36
37
38
39
40
41
42
43
44
45
46 1
47
48
49
50
51
52
53
54
55
56
57
58
59
60
61
62
63
64
65
66
67 9
68
69
70
71
72
73
74
75 4
76
77
78
79
80
81
82
83
84
85
86
87
88
89
90
91
92
93 2
94
95
96
97
98
99
