10 #CNA trees
3 # nodes
0 (1,1) 1 1
1 (1,2) 1 2
2 (2,2) 2 2
0 1
1 2
3 # nodes
0 (1,1) 1 1
1 (2,0) 2 0
2 (1,0) 1 0
1 2
0 1
3 # nodes
0 (1,1) 1 1
1 (2,2) 2 2
2 (1,2) 1 2
0 1
1 2
2 # nodes
0 (1,1) 1 1
1 (2,1) 2 1
0 1
3 # nodes
0 (1,1) 1 1
1 (2,2) 2 2
2 (2,1) 2 1
1 2
0 1
2 # nodes
0 (1,1) 1 1
1 (1,0) 1 0
0 1
3 # nodes
0 (1,1) 1 1
1 (2,1) 2 1
2 (1,2) 1 2
1 2
0 1
2 # nodes
0 (1,1) 1 1
1 (0,1) 0 1
0 1
3 # nodes
0 (1,1) 1 1
1 (2,1) 2 1
2 (2,0) 2 0
0 1
1 2
3 # nodes
0 (1,1) 1 1
1 (2,2) 2 2
2 (1,2) 1 2
0 1
1 2
9 # nodes
10 #mutations
2 #samples
0 0 0 0 0 0 1 2 0 0 1 0 0 0 0 0 0 0 0 0 0 0 0 0 2 1 0 0 0 0 1 0 0 2 0 0.369844
1 0 0 0 0 0 1 1 0 0 0 1 0 0 0 0 0 0 1 0 0 0 0 0 2 0 2 1 0 0 0 0 0 0 0.158278 0.24419
2 0 0 0 0 0 0 1 0 0 1 0 0 0 0 0 0 0 0 0 0 0 0 1 2 0 0 0 2 0 2 1 0 1 0.283529 0
3 0 0 0 0 0 1 2 0 0 1 0 0 0 0 0 0 0 0 0 0 0 0 0 2 0 0 0 0 0 1 0 0 1 0.151898 0
4 0 0 0 0 1 1 1 0 0 0 0 0 0 1 0 0 0 0 1 0 0 1 0 2 0 0 0 0 0 0 0 1 0 0.125868 0
5 0 0 0 0 1 1 1 0 0 0 0 0 0 1 0 0 0 0 1 0 0 1 0 2 0 0 0 0 0 0 0 2 0 0 0.206675
6 0 0 0 0 0 1 1 0 0 0 0 0 0 0 0 0 0 0 0 0 0 0 0 2 0 0 0 0 0 0 0 0 1 0.0881739 0
7 0 1 0 0 0 1 1 0 0 0 0 0 0 0 0 0 0 0 0 0 0 0 0 2 0 0 0 0 0 0 0 0 0 0 0
8 1 0 1 0 0 0 0 0 0 0 0 0 0 0 0 0 0 0 0 0 0 0 0 0 0 0 0 0 0 0 0 0 0 0.192253 0.179291
3 2
3 0
4 5
6 3
7 1
7 6
7 4
8 7
5 # mutation clusters
0 7 2 3
1 3 6
2 1 4 7
3 4 0 1 5 8
4 2 9
10 # segments
0 8 9
1
2 0
3 7
4 1 4
5 5
6 3
7 2
8 6
9
