10 #CNA trees
3 # nodes
0 (1,1) 1 1
1 (2,2) 2 2
2 (0,1) 0 1
0 1
1 2
3 # nodes
0 (1,1) 1 1
1 (1,2) 1 2
2 (0,1) 0 1
1 2
0 1
3 # nodes
0 (1,1) 1 1
1 (0,2) 0 2
2 (0,1) 0 1
2 1
0 2
3 # nodes
0 (1,1) 1 1
1 (0,2) 0 2
2 (0,1) 0 1
2 1
0 2
3 # nodes
0 (1,1) 1 1
1 (1,2) 1 2
2 (0,1) 0 1
1 2
0 1
2 # nodes
0 (1,1) 1 1
1 (1,0) 1 0
0 1
3 # nodes
0 (1,1) 1 1
1 (2,1) 2 1
2 (1,2) 1 2
1 2
0 1
2 # nodes
0 (1,1) 1 1
1 (1,0) 1 0
0 1
3 # nodes
0 (1,1) 1 1
1 (0,2) 0 2
2 (1,0) 1 0
0 1
0 2
3 # nodes
0 (1,1) 1 1
1 (2,0) 2 0
2 (2,1) 2 1
0 1
0 2
7 # nodes
10 #mutations
2 #samples
0 0 1 0 1 0 0 0 0 0 0 0 1 0 0 1 0 0 0 0 0 0 0 1 1 1 0 2 0 0 0 0 0 0 0.32395 0
1 0 0 0 0 0 1 0 0 0 0 1 1 0 0 1 0 1 0 0 0 0 0 1 1 2 0 2 0 0 0 0 1 0 0.107518 0
2 0 0 0 0 0 1 0 0 0 0 1 1 0 0 1 0 1 0 0 0 0 0 1 1 2 0 2 0 1 1 0 1 0 0 0.12588
3 0 0 0 0 0 1 0 0 0 0 1 1 0 0 2 0 1 0 1 0 0 0 1 1 2 0 2 0 1 2 0 1 0 0 0.289025
4 1 0 1 0 0 0 0 0 0 0 0 0 0 0 0 0 0 0 0 0 0 0 0 0 0 0 0 0 0 0 0 0 0 0.236193 0.166416
5 0 0 0 1 0 0 0 0 0 0 0 2 0 0 1 0 0 1 0 1 0 0 1 2 1 0 2 2 0 0 0 0 2 0 0.0626117
6 0 0 0 1 0 0 0 0 0 0 0 2 0 0 1 0 0 1 0 1 0 0 2 2 1 1 1 2 0 0 0 0 2 0.33234 0.356069
0 5
0 1
1 2
2 3
4 0
5 6
5 # mutation clusters
0 0 0 1 8 9
1 5 4
2 1 2 3 7
3 3 5
4 5 6
10 # segments
0
1
2
3 3 9
4 6
5 7
6 1
7 4 5
8 0
9 2 8
