100 #CNA trees
3 # nodes
0 (1,1) 1 1
1 (1,2) 1 2
2 (2,2) 2 2
1 2
0 1
3 # nodes
0 (1,1) 1 1
1 (2,0) 2 0
2 (1,0) 1 0
0 1
1 2
3 # nodes
0 (1,1) 1 1
1 (2,2) 2 2
2 (1,2) 1 2
1 2
0 1
2 # nodes
0 (1,1) 1 1
1 (2,1) 2 1
0 1
3 # nodes
0 (1,1) 1 1
1 (2,2) 2 2
2 (2,1) 2 1
0 1
1 2
2 # nodes
0 (1,1) 1 1
1 (1,0) 1 0
0 1
3 # nodes
0 (1,1) 1 1
1 (2,1) 2 1
2 (1,2) 1 2
0 1
1 2
2 # nodes
0 (1,1) 1 1
1 (0,1) 0 1
0 1
3 # nodes
0 (1,1) 1 1
1 (2,1) 2 1
2 (2,0) 2 0
1 2
0 1
3 # nodes
0 (1,1) 1 1
1 (2,2) 2 2
2 (1,2) 1 2
1 2
0 1
3 # nodes
0 (1,1) 1 1
1 (2,1) 2 1
2 (2,0) 2 0
1 2
0 1
3 # nodes
0 (1,1) 1 1
1 (0,1) 0 1
2 (1,0) 1 0
0 2
0 1
3 # nodes
0 (1,1) 1 1
1 (0,1) 0 1
2 (1,2) 1 2
0 2
0 1
2 # nodes
0 (1,1) 1 1
1 (0,1) 0 1
0 1
3 # nodes
0 (1,1) 1 1
1 (2,2) 2 2
2 (2,1) 2 1
1 2
0 1
2 # nodes
0 (1,1) 1 1
1 (2,1) 2 1
0 1
3 # nodes
0 (1,1) 1 1
1 (2,2) 2 2
2 (0,2) 0 2
0 1
1 2
2 # nodes
0 (1,1) 1 1
1 (2,1) 2 1
0 1
3 # nodes
0 (1,1) 1 1
1 (0,2) 0 2
2 (0,1) 0 1
2 1
0 2
3 # nodes
0 (1,1) 1 1
1 (2,1) 2 1
2 (2,2) 2 2
0 1
0 2
2 # nodes
0 (1,1) 1 1
1 (0,1) 0 1
0 1
3 # nodes
0 (1,1) 1 1
1 (2,1) 2 1
2 (1,0) 1 0
0 1
1 2
3 # nodes
0 (1,1) 1 1
1 (0,2) 0 2
2 (2,0) 2 0
0 1
0 2
3 # nodes
0 (1,1) 1 1
1 (2,2) 2 2
2 (1,2) 1 2
0 1
1 2
3 # nodes
0 (1,1) 1 1
1 (0,1) 0 1
2 (2,1) 2 1
0 1
0 2
3 # nodes
0 (1,1) 1 1
1 (2,2) 2 2
2 (2,1) 2 1
0 1
1 2
3 # nodes
0 (1,1) 1 1
1 (0,2) 0 2
2 (2,0) 2 0
0 1
0 2
3 # nodes
0 (1,1) 1 1
1 (2,1) 2 1
2 (2,0) 2 0
0 1
1 2
3 # nodes
0 (1,1) 1 1
1 (0,1) 0 1
2 (2,1) 2 1
0 1
0 2
3 # nodes
0 (1,1) 1 1
1 (0,2) 0 2
2 (2,1) 2 1
0 1
0 2
3 # nodes
0 (1,1) 1 1
1 (2,2) 2 2
2 (0,1) 0 1
0 1
1 2
3 # nodes
0 (1,1) 1 1
1 (2,0) 2 0
2 (2,1) 2 1
0 1
0 2
3 # nodes
0 (1,1) 1 1
1 (1,0) 1 0
2 (2,1) 2 1
0 2
0 1
3 # nodes
0 (1,1) 1 1
1 (0,2) 0 2
2 (2,2) 2 2
0 2
0 1
3 # nodes
0 (1,1) 1 1
1 (2,0) 2 0
2 (2,2) 2 2
0 2
0 1
3 # nodes
0 (1,1) 1 1
1 (1,0) 1 0
2 (2,1) 2 1
0 2
0 1
3 # nodes
0 (1,1) 1 1
1 (0,1) 0 1
2 (2,1) 2 1
0 2
0 1
2 # nodes
0 (1,1) 1 1
1 (0,2) 0 2
0 1
3 # nodes
0 (1,1) 1 1
1 (0,1) 0 1
2 (2,2) 2 2
0 2
0 1
3 # nodes
0 (1,1) 1 1
1 (1,2) 1 2
2 (2,0) 2 0
0 2
0 1
3 # nodes
0 (1,1) 1 1
1 (0,1) 0 1
2 (2,2) 2 2
0 2
0 1
3 # nodes
0 (1,1) 1 1
1 (2,1) 2 1
2 (1,2) 1 2
1 2
0 1
3 # nodes
0 (1,1) 1 1
1 (2,0) 2 0
2 (1,0) 1 0
1 2
0 1
3 # nodes
0 (1,1) 1 1
1 (0,2) 0 2
2 (2,2) 2 2
0 2
0 1
3 # nodes
0 (1,1) 1 1
1 (2,2) 2 2
2 (0,2) 0 2
1 2
0 1
2 # nodes
0 (1,1) 1 1
1 (0,1) 0 1
0 1
3 # nodes
0 (1,1) 1 1
1 (1,2) 1 2
2 (2,2) 2 2
1 2
0 1
3 # nodes
0 (1,1) 1 1
1 (1,2) 1 2
2 (0,1) 0 1
1 2
0 1
3 # nodes
0 (1,1) 1 1
1 (1,2) 1 2
2 (2,1) 2 1
1 2
0 1
3 # nodes
0 (1,1) 1 1
1 (0,2) 0 2
2 (2,2) 2 2
0 2
0 1
3 # nodes
0 (1,1) 1 1
1 (2,1) 2 1
2 (1,0) 1 0
1 2
0 1
3 # nodes
0 (1,1) 1 1
1 (2,0) 2 0
2 (1,0) 1 0
0 2
2 1
3 # nodes
0 (1,1) 1 1
1 (2,1) 2 1
2 (1,2) 1 2
1 2
0 1
3 # nodes
0 (1,1) 1 1
1 (0,1) 0 1
2 (2,1) 2 1
0 2
0 1
3 # nodes
0 (1,1) 1 1
1 (2,1) 2 1
2 (1,0) 1 0
1 2
0 1
3 # nodes
0 (1,1) 1 1
1 (1,0) 1 0
2 (2,2) 2 2
0 2
0 1
3 # nodes
0 (1,1) 1 1
1 (2,1) 2 1
2 (0,2) 0 2
1 2
0 1
3 # nodes
0 (1,1) 1 1
1 (1,0) 1 0
2 (1,2) 1 2
0 2
0 1
3 # nodes
0 (1,1) 1 1
1 (2,2) 2 2
2 (2,0) 2 0
1 2
0 1
3 # nodes
0 (1,1) 1 1
1 (0,2) 0 2
2 (2,1) 2 1
0 2
0 1
3 # nodes
0 (1,1) 1 1
1 (0,1) 0 1
2 (1,2) 1 2
0 2
0 1
3 # nodes
0 (1,1) 1 1
1 (1,2) 1 2
2 (2,1) 2 1
1 2
0 1
3 # nodes
0 (1,1) 1 1
1 (0,2) 0 2
2 (2,0) 2 0
0 2
0 1
2 # nodes
0 (1,1) 1 1
1 (2,0) 2 0
0 1
3 # nodes
0 (1,1) 1 1
1 (0,2) 0 2
2 (1,2) 1 2
0 1
0 2
3 # nodes
0 (1,1) 1 1
1 (1,2) 1 2
2 (2,2) 2 2
0 1
0 2
3 # nodes
0 (1,1) 1 1
1 (1,0) 1 0
2 (2,0) 2 0
0 1
0 2
3 # nodes
0 (1,1) 1 1
1 (2,1) 2 1
2 (1,2) 1 2
0 1
1 2
3 # nodes
0 (1,1) 1 1
1 (1,0) 1 0
2 (2,2) 2 2
0 1
0 2
3 # nodes
0 (1,1) 1 1
1 (2,2) 2 2
2 (1,2) 1 2
0 1
1 2
3 # nodes
0 (1,1) 1 1
1 (1,0) 1 0
2 (2,2) 2 2
0 1
0 2
3 # nodes
0 (1,1) 1 1
1 (0,2) 0 2
2 (1,0) 1 0
0 1
0 2
3 # nodes
0 (1,1) 1 1
1 (2,2) 2 2
2 (2,1) 2 1
0 1
1 2
3 # nodes
0 (1,1) 1 1
1 (2,2) 2 2
2 (0,1) 0 1
0 1
1 2
3 # nodes
0 (1,1) 1 1
1 (2,2) 2 2
2 (0,2) 0 2
0 1
1 2
3 # nodes
0 (1,1) 1 1
1 (0,2) 0 2
2 (2,0) 2 0
0 1
0 2
3 # nodes
0 (1,1) 1 1
1 (1,0) 1 0
2 (2,2) 2 2
0 1
0 2
2 # nodes
0 (1,1) 1 1
1 (2,2) 2 2
0 1
3 # nodes
0 (1,1) 1 1
1 (1,2) 1 2
2 (2,2) 2 2
0 1
1 2
3 # nodes
0 (1,1) 1 1
1 (1,2) 1 2
2 (2,2) 2 2
0 1
0 2
3 # nodes
0 (1,1) 1 1
1 (2,1) 2 1
2 (2,2) 2 2
0 1
1 2
3 # nodes
0 (1,1) 1 1
1 (2,0) 2 0
2 (2,2) 2 2
0 1
0 2
2 # nodes
0 (1,1) 1 1
1 (2,0) 2 0
0 1
3 # nodes
0 (1,1) 1 1
1 (2,1) 2 1
2 (2,2) 2 2
0 1
0 2
3 # nodes
0 (1,1) 1 1
1 (2,1) 2 1
2 (0,2) 0 2
0 1
1 2
3 # nodes
0 (1,1) 1 1
1 (2,0) 2 0
2 (2,2) 2 2
0 1
0 2
3 # nodes
0 (1,1) 1 1
1 (1,2) 1 2
2 (2,0) 2 0
0 1
1 2
3 # nodes
0 (1,1) 1 1
1 (2,1) 2 1
2 (2,0) 2 0
0 1
1 2
3 # nodes
0 (1,1) 1 1
1 (2,2) 2 2
2 (0,2) 0 2
0 1
1 2
3 # nodes
0 (1,1) 1 1
1 (2,2) 2 2
2 (1,0) 1 0
0 1
1 2
3 # nodes
0 (1,1) 1 1
1 (1,2) 1 2
2 (2,0) 2 0
0 1
0 2
3 # nodes
0 (1,1) 1 1
1 (2,0) 2 0
2 (2,2) 2 2
0 1
0 2
3 # nodes
0 (1,1) 1 1
1 (1,0) 1 0
2 (2,0) 2 0
0 1
0 2
3 # nodes
0 (1,1) 1 1
1 (2,2) 2 2
2 (2,0) 2 0
0 1
1 2
3 # nodes
0 (1,1) 1 1
1 (0,1) 0 1
2 (2,0) 2 0
0 1
0 2
3 # nodes
0 (1,1) 1 1
1 (2,1) 2 1
2 (0,2) 0 2
0 1
1 2
3 # nodes
0 (1,1) 1 1
1 (2,2) 2 2
2 (1,0) 1 0
0 1
1 2
3 # nodes
0 (1,1) 1 1
1 (2,1) 2 1
2 (0,2) 0 2
0 1
1 2
2 # nodes
0 (1,1) 1 1
1 (2,1) 2 1
0 1
3 # nodes
0 (1,1) 1 1
1 (1,2) 1 2
2 (2,0) 2 0
0 1
0 2
9 # nodes
50 #mutations
2 #samples
0 0 0 0 0 1 1 1 1 1 1 1 1 1 0 1 0 0 0 0 0 0 1 0 0 0 1 0 1 0 0 0 0 0 0 1 0 0 1 1 1 1 0 1 0 0 0 0 1 0 1 0 0 0 2 0 0 0 0 0 0 0 0 0 0 0 1 1 0 1 1 1 0 1 1 0 0 0 0 0 1 1 1 1 0 0 1 1 0 0 0 0 1 0 0 1 1 1 0 0 0 1 1 0 1 0 0 0 2 1 0 0 0 1 0 0 0 0 0 1 0 0 2 2 0 1 0 2 2 2 0 0 0 0 0 0 0 2 0 1 2 0 0 0 2 0 1 1 1 1 0 0 0 0 0 0 1 2 2 1 1 0 1 2 0 1 0 0 0 2 0 1 0 0 0 1 0 0 0 0 2 0 1 0 1 1 1 1 0 0 1 2 0 0 2 1 0 0 1 0 0 0 0 1 0.102457 0.215603
1 0 0 0 0 0 0 1 0 1 0 0 0 1 0 1 0 0 0 0 0 0 0 0 0 0 1 0 1 0 0 0 0 0 0 0 0 0 1 1 0 0 0 0 0 0 0 0 2 0 0 0 0 0 2 0 0 0 0 0 0 0 0 0 0 0 0 0 0 1 1 1 0 1 0 0 0 0 0 0 0 0 0 0 0 0 0 1 0 0 0 0 1 0 0 0 1 1 0 0 0 0 0 0 1 0 0 0 0 0 0 0 0 0 0 0 0 0 0 0 0 0 2 0 0 0 0 0 0 0 0 0 0 0 0 1 0 2 0 1 2 0 0 0 2 0 1 1 1 1 0 0 0 0 0 0 1 2 2 1 1 0 1 2 0 1 0 0 0 2 0 1 0 0 0 1 0 0 0 0 2 0 1 0 1 1 1 1 0 0 1 2 0 0 2 1 0 0 1 0 0 0 0 1 0 0.351917
2 0 0 0 0 0 0 1 0 1 0 0 0 1 0 1 0 0 0 0 0 0 0 0 0 0 1 0 1 0 0 0 0 0 0 0 0 0 1 1 0 0 0 0 0 0 0 0 1 0 0 0 0 0 2 0 0 0 0 0 0 0 0 0 0 0 0 0 0 1 1 1 0 1 0 0 0 0 0 0 0 0 0 0 0 0 0 1 0 0 0 0 1 0 0 0 1 1 0 0 0 0 0 0 1 0 0 0 0 0 0 0 0 0 0 0 0 0 0 0 0 0 2 0 0 0 0 0 0 0 0 0 0 0 0 0 0 2 0 1 2 0 0 0 2 0 1 1 1 1 0 0 0 0 0 0 1 2 2 1 1 0 1 2 0 1 0 0 0 2 0 1 0 0 0 1 0 0 0 0 2 0 1 0 1 1 1 1 0 0 1 2 0 0 2 1 0 0 1 0 0 0 0 1 0 0
3 0 0 0 0 0 0 0 0 0 0 0 0 0 0 0 0 0 0 0 0 0 0 0 0 0 0 0 1 0 0 0 0 0 0 0 0 0 1 1 0 0 0 0 0 0 0 0 1 0 0 0 0 0 2 0 0 0 0 0 0 0 0 0 0 0 0 0 0 0 1 1 0 0 0 0 0 0 0 0 0 0 0 0 0 0 0 0 0 0 0 0 0 0 0 0 1 0 0 0 0 0 0 0 1 0 0 0 0 0 0 0 0 0 0 0 0 0 0 0 0 0 2 0 0 0 0 0 0 0 0 0 0 0 0 0 0 0 0 0 0 0 0 0 0 0 0 0 0 0 0 0 0 0 0 0 0 0 0 0 0 0 1 0 0 1 0 0 0 1 0 1 0 0 0 1 0 0 0 0 2 0 1 0 1 1 1 1 0 0 1 2 0 0 2 1 0 0 1 0 0 0 0 1 0.417757 0
4 0 1 0 0 0 0 0 0 0 0 0 0 0 0 0 0 0 0 0 0 0 0 0 0 0 0 0 1 0 0 0 0 0 0 0 0 0 1 1 0 0 0 0 0 0 0 0 1 0 0 0 0 0 2 0 0 0 0 0 0 0 0 0 0 0 0 0 0 0 1 1 0 0 0 0 0 0 0 0 0 0 0 0 0 0 0 0 0 0 0 0 0 0 0 0 1 0 0 0 0 0 0 0 1 0 0 0 0 0 0 0 0 0 0 0 0 0 0 0 0 0 2 0 0 0 0 0 0 0 0 0 0 0 0 0 0 0 0 0 0 0 0 0 0 0 0 0 0 0 0 0 0 0 0 0 0 0 0 0 0 0 1 0 0 1 0 0 0 0 0 1 0 0 0 1 0 0 0 0 2 0 1 0 1 1 1 1 0 0 1 2 0 0 2 1 0 0 1 0 0 0 0 1 0 0
5 0 0 0 0 1 0 1 1 1 1 1 0 1 0 1 0 0 0 0 0 0 1 0 0 0 1 0 1 0 0 0 0 0 0 0 0 0 1 1 1 0 0 0 0 0 0 0 1 0 1 0 0 0 2 0 0 0 0 0 0 0 0 0 0 0 0 0 0 1 1 1 0 1 1 0 0 0 0 0 0 0 1 0 0 0 0 1 0 0 0 0 1 0 0 1 1 1 0 0 0 0 0 0 1 0 0 0 0 1 0 0 0 1 0 0 0 0 0 1 0 0 2 2 0 1 0 2 2 2 0 0 0 0 0 0 0 2 0 1 2 0 0 0 2 0 1 1 1 1 0 0 0 0 0 0 1 2 2 1 1 0 1 2 0 1 0 0 0 2 0 1 0 0 0 1 0 0 0 0 2 0 1 0 1 1 1 1 0 0 1 2 0 0 2 1 0 0 1 0 0 0 0 1 0 0
6 0 0 0 0 1 0 1 1 1 1 1 0 1 0 1 0 0 0 0 0 0 1 0 0 0 1 0 1 0 0 0 0 0 0 0 0 0 1 1 1 0 0 0 0 0 0 0 1 0 1 0 0 0 2 0 0 0 0 0 0 0 0 0 0 0 0 0 0 1 1 1 0 1 1 0 0 0 0 0 0 0 1 0 0 0 0 1 0 0 0 0 1 0 0 1 1 1 0 0 0 0 0 0 1 0 0 0 0 1 0 0 0 1 0 0 0 1 0 1 0 0 2 2 0 1 0 2 2 2 0 0 0 0 0 0 0 2 0 1 2 0 0 0 2 0 1 1 1 1 0 0 0 0 0 0 1 2 2 1 1 0 1 2 0 1 0 0 0 2 0 1 0 0 0 1 0 0 0 0 2 0 1 0 1 1 1 1 0 0 1 2 0 0 2 1 0 0 1 0 0 0 0 1 0.108611 0
7 0 0 0 0 1 0 1 1 1 1 1 0 1 0 1 0 0 0 0 0 0 1 0 0 1 1 0 1 1 0 0 0 0 1 0 0 0 1 1 1 0 0 0 0 0 0 0 1 1 1 0 0 0 2 0 0 0 0 0 0 0 0 0 1 0 0 0 0 1 1 1 0 1 1 0 0 1 0 0 0 0 1 0 0 0 0 1 0 0 0 0 1 0 1 1 1 1 0 0 0 0 0 0 1 2 0 0 0 1 0 1 0 2 0 0 0 0 0 1 0 0 2 2 0 1 0 2 2 2 0 0 0 0 0 0 0 2 0 1 2 0 0 0 2 0 1 1 1 1 0 0 0 0 0 0 1 2 2 1 1 0 1 2 0 1 0 0 0 2 0 1 0 0 0 1 0 0 0 0 2 0 1 0 1 1 1 1 0 0 1 2 0 0 2 1 0 0 1 0 0 0 0 1 0.123766 0.247702
8 1 0 1 0 0 0 0 0 0 0 0 0 0 0 0 0 0 0 0 0 0 0 0 0 0 0 0 0 0 0 0 0 0 0 0 0 0 0 0 0 0 0 0 0 0 0 0 0 0 0 0 0 0 0 0 0 0 0 0 0 0 0 0 0 0 0 0 0 0 0 0 0 0 0 0 0 0 0 0 0 0 0 0 0 0 0 0 0 0 0 0 0 0 0 0 0 0 0 0 0 0 0 0 0 0 0 0 0 0 0 0 0 0 0 0 0 0 0 0 0 0 0 0 0 0 0 0 0 0 0 0 0 0 0 0 0 0 0 0 0 0 0 0 0 0 0 0 0 0 0 0 0 0 0 0 0 0 0 0 0 0 0 0 0 0 0 0 0 0 0 0 0 0 0 0 0 0 0 0 0 0 0 0 0 0 0 0 0 0 0 0 0 0 0 0 0 0 0 0 0 0 0 0 0.247409 0.184778
2 5
2 1
4 2
4 3
5 7
5 0
5 6
8 4
5 # mutation clusters
0 4 0 14 16 17 24 34 35 42 44 49
1 7 10 21 23 25 30 40 45
2 0 2 8 12 13 26 27 29 31 32 37 39 47 48
3 2 3 5 9 11 15 19 22 33 38 43
4 5 1 4 6 7 18 20 28 36 41 46
100 # segments
0 23
1 24
2
3
4
5 39
6 38
7 40
8 32
9
10 37 46
11 1 15
12 6 12 13
13 26
14
15
16
17
18 20
19
20
21
22
23
24
25
26 28
27
28
29
30
31 44
32
33
34 16
35
36 25
37
38 45
39
40
41 47
42
43 27
44 8
45 41 42
46
47 4
48 21
49
50
51
52
53
54
55
56
57
58
59
60 5
61
62
63 10
64
65
66
67
68 22
69
70
71
72
73
74 33
75 2 29 43
76 0
77 31 34 35 36
78
79 19
80 7
81
82 3
83
84
85
86
87
88 17
89
90 9
91 18
92
93 11
94 14 49
95 30
96
97
98
99 48
